0.000000000000000000e+00
0.000000000000000000e+00
-3.896142893924128825e-02
-4.403074494919896609e-02
5.788380808986490905e-02
1.740072393745353135e-02
9.127881591184780485e-02
1.090344636677722384e-01
1.122411163604831452e-01
6.472928455650159285e-02
1.254374233997984645e-01
1.085777457403963309e-01
4.541185636264926523e-02
1.011342550156457687e-01
9.571530374994094426e-02
4.050149906280540307e-02
1.277330406302196741e-01
1.814570937629758629e-01
1.104301126777966768e-01
3.325077248769545135e-02
4.166993309667604839e-02
1.141094160307567079e-01
8.416085954086030552e-02
8.447374201019025586e-02
1.297653827633697687e-02
4.708830517490053547e-02
1.368847983388841172e-01
7.810053025131766247e-02
1.256559907534489651e-01
1.788884089734780469e-01
2.570305598052665119e-01
2.475648930056863484e-01
2.222874128962196716e-01
1.421763791666588173e-01
1.375835590798016039e-01
1.297244146572789358e-01
7.833434961815551045e-02
9.682717612444330380e-02
3.168778178925571454e-02
4.134372105318670498e-02
1.062834102762555133e-01
3.088494610033108712e-02
7.394723803368120907e-04
-2.980179621614261268e-02
1.852781526949669536e-02
2.907811711051649581e-02
-1.864320679429191246e-02
3.661292790936367114e-02
-5.670310706938667955e-02
-5.585288230724602676e-02
-7.604139023402110842e-02
-1.054660336958875011e-01
-4.697019832429068231e-02
-9.088478846150280233e-02
-1.454751027389562523e-01
-1.087300731654672059e-01
-1.668176551831702659e-01
-1.578608142044543583e-01
-1.043962761612319823e-01
-5.920980673732326172e-03
-1.282491177218854882e-02
2.593115241839586554e-02
7.758772436202619749e-02
9.025164572903503213e-02
2.373126500728402893e-02
5.837699166814970531e-02
-2.074557222938323842e-02
-6.007565668926589941e-02
-6.923390666694650974e-02
-4.843719887963917475e-02
5.565575087625762585e-02
7.860623350619182215e-02
-1.769569410128220277e-02
-1.114322720288701690e-01
-1.759473070635622083e-01
-1.487663406982763503e-01
-2.279375673507199052e-01
-2.379188763022109798e-01
-1.775606005686642674e-01
-2.060466627192654165e-01
-1.095415888449519370e-01
-8.986705973525041524e-02
-5.323541833168188298e-03
9.250888029362880696e-03
5.473800770786327319e-02
-4.133922079469071198e-02
-7.990253117158689633e-02
-4.586915529418519877e-03
-2.118450737546011264e-03
-5.585919032931088019e-02
1.503961855995342156e-02
6.443236944793159782e-02
7.926786096249571756e-02
5.311205674353851325e-02
9.967373645761479217e-02
1.437511000519755278e-01
1.613795615938369010e-01
2.095437415102693879e-01
1.167832928956781813e-01
1.846489747318338925e-01
1.329299976516085113e-01
2.130614901644669046e-01
1.979042635078858969e-01
1.471935368543148825e-01
8.646585441058825261e-02
7.558532204005896649e-02
5.629037515864791785e-02
-2.162911776532406433e-02
1.832914965244618333e-02
9.394441643730228053e-02
1.635525027857299418e-01
1.932882742966895162e-01
2.388336610592738940e-01
2.370709688365664758e-01
1.934296879542834469e-01
2.448130310523006226e-01
1.543039839038021777e-01
1.887879191057492689e-01
1.643620221305348295e-01
1.434769354124754426e-01
1.793979301761133849e-01
2.192260814967623705e-01
1.500759546276126954e-01
4.631566134448082683e-02
1.397264546390338258e-01
1.106428115597119372e-01
3.455186535310095230e-02
3.093650418675108343e-03
-1.706588817355274290e-02
-2.266277779989693195e-03
1.254190114488807836e-02
4.470912952070782431e-02
4.242578509453483193e-03
6.581010457672289982e-02
1.476154669908080058e-02
-6.718152796467906362e-02
-1.092164582011923846e-01
-1.266478934459365491e-01
-8.271177215622622925e-02
-6.798367200270918898e-02
-4.276785203032922728e-02
-1.111674843529253248e-01
-7.170299700065728421e-02
7.923604525384583819e-03
-4.226324556645269515e-02
-3.499291139324357119e-02
-9.680744218394823908e-02
-1.094433873897104476e-01
-1.431489376631642219e-02
-8.971475372822251826e-02
-1.085173533372943977e-01
-1.395863496919419466e-02
6.329064248661947500e-02
6.639930957073740536e-02
1.457385984455520922e-01
1.247137949015890562e-01
1.369918597910056712e-01
1.811771284794622960e-01
1.596386707595263132e-01
1.430803853699622596e-01
2.139936703234926463e-01
1.522948408299305556e-01
6.478435213687343264e-02
8.291407741961377698e-02
3.178945365333592232e-02
1.127263051947685057e-01
2.971292672370537402e-02
1.200013558584598072e-01
1.561135078443290358e-01
1.876182203997899256e-01
2.156065869343734287e-01
1.768471812673436672e-01
1.785683881244978233e-01
6.679004994121488792e-02
-1.775756006447629792e-02
-3.949439763863029501e-02
-6.559981959840005539e-02
-8.065498878054594423e-02
-1.538240810412781490e-01
-1.622034698546715170e-01
-2.284496192005164850e-01
-1.228424229682953395e-01
-1.846549423524928846e-01
-8.744845803506598458e-02
-7.935473647300289590e-02
-1.238583193774198121e-01
-2.040379765228972353e-01
-2.665293245945203893e-01
-1.964412446680505187e-01
-9.558273747977232004e-02
1.053545934416151575e-02
2.569523788649269100e-02
-3.526754733285789034e-02
6.508777853256006440e-02
-1.052167145933832065e-02
1.954584012813422034e-02
-3.630275186882028771e-02
-3.033050730491115149e-02
-4.081205804220963684e-02
-2.825531443977192386e-02
-4.678886223536003752e-02
3.084690898653895397e-02
-1.460814419456846897e-02
-2.330003286394637801e-03
4.269758747597267312e-02
-1.428810310725929511e-02
5.501069864122146852e-02
7.481938649723918200e-02
7.404967990941303813e-02
1.559750774483070201e-01
1.982920811316956355e-01
1.763177359940306110e-01
2.293204904162804147e-01
2.639321217163740907e-01
1.583344944155682665e-01
6.092796759092562742e-02
9.529292849874330951e-02
1.002778296036158923e-01
8.074243632446491403e-02
1.018745914891288074e-01
1.539689089110999609e-01
2.051558885802574617e-01
1.524107643249662525e-01
1.247974907920453846e-01
1.124046687735337641e-01
1.464952122888091846e-01
1.945008575375001270e-01
1.547377103390972786e-01
1.099868775919901343e-01
7.447329605574837252e-02
1.518594001457770903e-01
1.955190193266423682e-01
1.065505785541557976e-01
3.547775023629156504e-02
1.922903960576724872e-02
-5.009668782168463785e-02
-8.214761681802108806e-03
-4.013365311166240679e-02
1.773120294338805664e-02
-3.615986618591353341e-03
8.905858904922142605e-02
6.792007138532382693e-02
8.163224354628381696e-02
6.097008732844001744e-02
5.158853926024403735e-02
7.102446480377376525e-02
4.174114976414175504e-02
1.107419949397937253e-01
1.449495218626879744e-01
1.761286836037703751e-01
2.364182155065275570e-01
2.192848775372996384e-01
2.565366495818022230e-01
2.986964405843154924e-01
2.761265594364858411e-01
1.912722657001741933e-01
1.700788623867087734e-01
2.478901651712429044e-01
1.447782565859346837e-01
1.988584978513359414e-01
2.078475506919598703e-01
1.452661641136121506e-01
2.163584308378865284e-01
2.077808832985566789e-01
1.616155176057054443e-01
7.038667406461342202e-02
1.464907888322021234e-01
1.169426654725671255e-01
1.027598672723623457e-01
1.718742642565200818e-01
1.483616656211119988e-01
7.099781133731690452e-02
1.322211305940123593e-01
2.390024986723179867e-02
-4.021214133331053181e-02
-1.165048411637497894e-01
-1.647767277050953827e-01
-1.103281208079129883e-01
-2.403936538324510930e-02
-5.394562310792845594e-02
-1.376366820716906081e-01
-1.590501250511816844e-01
-1.517880233454259875e-01
-1.030224623109706333e-01
-8.204999325321153669e-02
-1.766089022029383726e-02
-3.739687225063368509e-02
-5.258070606291005700e-02
-1.336006278215624149e-02
-7.927260536482169662e-02
-5.058858536716558107e-02
-1.342695144355743608e-01
-1.326866114869110214e-01
-1.547986309374508040e-01
-1.065182738816898012e-01
-1.725098786396062067e-01
-1.357861634027064390e-01
-1.217971786347624430e-01
-1.357673242833197236e-01
-9.269626647064449498e-02
-1.726633715848311379e-01
-5.616097477534824634e-02
-9.166462493260379985e-02
-1.315254959766669063e-01
-1.827141099422988080e-01
-2.023364450796793779e-01
-1.315263690088570581e-01
-1.736320964277750789e-01
-2.040058452331469097e-01
-1.397704269098126173e-01
-3.159463271313257826e-02
1.771899901811220535e-02
-1.305064734688446415e-02
-6.689125532011100730e-03
-3.858831519093288559e-02
-6.860690807563918359e-02
-9.175654000714525416e-02
-7.082188563560992689e-03
-9.639071910977772828e-02
9.661441050948543774e-03
-8.924470273983081681e-02
-7.067162602444618247e-02
-5.545863327705911894e-02
-4.825637581259809711e-02
-1.327772349736312807e-01
-6.574913889164207825e-02
-1.055408373277054584e-01
-1.683246448873658985e-01
-1.806444346416662405e-01
-1.267326909535024804e-01
-1.782101240156419575e-01
-1.859941078119557722e-01
-1.183711258452854187e-01
-8.608670833016870971e-02
-1.332265089475659914e-01
-1.049625765572189950e-01
-4.783220743823731608e-02
-1.380580074090446141e-01
-1.128410739276598657e-01
-1.314980252393823934e-01
-1.092099431803303378e-01
-1.642445189377629566e-02
-7.622292985539763643e-02
2.098104559915048295e-02
7.999274957793778285e-02
4.764061220647075601e-02
-1.297572515563279183e-02
-3.884770475991502353e-02
1.507632634583178088e-02
4.167147387099503358e-02
4.934681874563663639e-02
-4.275626495341624395e-02
4.003898480944460825e-02
1.823859097343921362e-02
5.450660135045727606e-03
-6.107247795498127463e-02
-1.164727319795662991e-02
-3.891724141016041083e-02
3.226011893487260723e-02
5.633690024848553995e-03
8.987006305393584193e-03
3.772469414961369255e-02
-3.216322310491265962e-02
-1.835899639119544652e-02
-4.779744721897378340e-02
-9.004868514703558147e-02
-1.054506561964829725e-02
-7.844365986073020824e-03
8.310327229375897781e-03
-2.779107129574888077e-02
-4.958066212748790669e-02
2.692776897928852997e-02
-7.297474296017786299e-02
-5.657919319695162153e-02
-4.040996611675558986e-02
-8.542298744480300576e-02
1.798424395284851929e-02
7.266077460745173910e-03
7.749616815221908178e-03
3.025928168988178263e-02
-7.024919387639014245e-02
-1.249244129083669774e-01
-9.452421833557932140e-02
-6.966010826918790644e-02
-1.668034320890710714e-02
-1.132732778995610839e-01
-5.401877869792903741e-02
2.314163188335835453e-02
1.182045088739666905e-01
4.987142672545332583e-02
1.279888176945400691e-01
2.133505399554431192e-01
1.613882083985006821e-01
1.845012265507687266e-01
1.384920059004376702e-01
1.930911263701458047e-01
1.940188472598415315e-01
2.166961568563920693e-01
2.354679796070792142e-01
1.750420084488812367e-01
2.414236620487490992e-01
1.994348431242956299e-01
8.400441601483571441e-02
1.285655464699730910e-01
1.256095546289938691e-01
1.263498538205675981e-01
1.680616633043113262e-01
1.381281999412940775e-01
3.534418828380450628e-02
9.266044702309239600e-03
-7.037803446543082486e-02
-4.456294285370605845e-02
-8.127650148302645317e-02
-1.545501256691925451e-01
-5.191832276425623061e-02
-5.674562439861769586e-02
-7.738323531476458406e-03
3.275050646893896793e-03
-5.418277583432392665e-03
3.409625208145267844e-02
1.256351163089573231e-01
1.428747806641358364e-01
3.790965208017868515e-02
-1.784230521647747758e-02
-1.041109604342685402e-01
-5.501988555343487186e-02
7.251994654435989229e-03
8.311148844251713130e-02
2.860638547184443659e-02
1.107772269066789605e-01
1.206079305546928215e-02
-1.554248900092196524e-02
-3.971736481285716852e-02
2.615842337935007922e-02
6.626445231656988288e-02
9.236915287595100221e-02
1.494043547729882460e-01
2.098546849465680320e-01
9.660443872202474636e-02
1.748019281815952897e-01
1.557504909467095355e-01
4.518963749609072877e-02
-2.963165295132350052e-02
2.724329575871927908e-02
1.426976176525594428e-02
1.538183788813400447e-02
4.273683467869281161e-02
-6.438335559220333126e-03
6.165286823329263477e-02
1.220152218102053543e-01
1.396899298336604922e-01
2.839989018479137373e-02
8.570440472760751383e-02
-6.389947603853668445e-03
-8.229128314386877086e-02
-1.596515738668198570e-02
9.537272407430968588e-03
6.514714667965208761e-03
5.992054726844811552e-02
-3.747748690766167928e-02
1.272242159879664186e-02
9.134269539308839669e-02
8.233795007086242013e-02
5.935310849205623074e-02
1.630871939948352195e-02
-6.678532604555718899e-02
-4.733028931905744474e-02
3.352557121866624884e-02
-6.856751617163224510e-02
3.611812178174172300e-02
3.352631207389596135e-02
1.644944378291482434e-02
2.442528333783151873e-02
-7.193826070892875291e-02
-8.231397151742661511e-03
7.492067508856640676e-03
4.236016211231362349e-02
3.183637772755106010e-02
1.057138750012305006e-01
1.618118250565012961e-01
6.093109025415979763e-02
6.469497448537306350e-02
5.139151199577147999e-03
8.841261619131336735e-02
3.791943265177308980e-02
5.798680566909782119e-02
1.470057343302350883e-01
5.441812250175606658e-02
-1.464495200517668128e-03
5.085446853730996031e-03
-8.391895599723257076e-03
8.019325643465660680e-02
-1.544828280998655767e-02
-7.312358470977096958e-02
-1.348296758851510735e-01
-3.939320260180383115e-02
-9.045906862803410053e-02
-1.781963422097869454e-01
-2.579030872705910804e-01
-3.274552544716344826e-01
-2.981522272660733774e-01
-3.395397649965785636e-01
-3.814429201631680533e-01
-2.851702181448778628e-01
-2.491774285715998294e-01
-2.570094984125296245e-01
-2.217780371522063421e-01
-1.681539486486348933e-01
-9.741180061393059364e-02
-4.897903512627969913e-02
3.358624233528795938e-02
2.464826701062668504e-02
-3.130590942941113841e-02
1.047628706934703932e-02
1.803615517141006486e-02
6.136648144162887286e-02
-3.640727661953428729e-02
4.190353853558679426e-02
2.798017200952356703e-02
9.147173252763474843e-03
-3.692443399168972989e-02
-4.903268088944756631e-02
-8.210246026785252005e-03
-5.986529037432489209e-02
-5.524389142372290729e-02
4.606651754246410962e-02
1.463141239759360029e-02
-1.850614647490304160e-02
7.530891282245466556e-02
8.485770435969651471e-02
7.261395349855639947e-02
9.761911816626943350e-02
1.189375699377684115e-01
1.951086459713517463e-01
1.468539092966016923e-01
2.299300776409861635e-01
1.687897845324377311e-01
9.279935716672227386e-02
-8.580001100997394770e-03
-1.076434067527571592e-01
-3.504988299365394827e-02
-7.479019199355563252e-02
1.492611409493951879e-02
-3.745654416949057569e-02
1.347448921529625226e-02
8.493150155347843622e-02
1.736204732676666640e-01
1.243848431931034310e-01
1.805154470800020006e-01
1.590344582300622089e-01
2.252959826560572143e-01
1.296600598807721161e-01
2.874960791336053645e-02
5.455334794039409796e-02
-2.124868185509853902e-02
7.329551736394268602e-03
-4.635791733628725347e-02
-1.094149170408636185e-01
-1.260663856060603161e-01
-2.038496887982382821e-01
-2.219632102922129979e-01
-2.386383457587613055e-01
-1.310922544751653429e-01
-1.246868416044947109e-01
-8.757178487557819302e-02
-9.610412104210125372e-02
-1.863950961456757593e-01
-1.601378710042087872e-01
-1.086571567156768975e-01
-6.159019725264322509e-03
-9.359607174207569200e-04
8.773014641390557145e-02
1.106593062172935571e-01
1.544276276174676443e-01
6.022746193529407432e-02
9.993848078540476521e-02
3.654064285975255899e-02
-1.584295316775148621e-02
3.935220288052145021e-02
-2.506760730685377719e-02
-1.152948257035045915e-01
-1.233429543405450968e-02
-8.678217753096305331e-02
-8.611670748596349234e-02
-1.771329834489893118e-01
-1.563425066897911053e-01
-1.496038525668650365e-01
-4.358397847708414541e-02
3.830137171443030730e-03
-9.203627601729168217e-02
-1.826303222534907955e-01
-2.229346350342209238e-01
-2.725674589695138428e-01
-2.958593468477985766e-01
-2.492213148211683271e-01
-3.071298616009237037e-01
-2.984818758660495730e-01
-2.058918818522703087e-01
-1.259047718845796304e-01
-1.071810613571264614e-01
-2.989838379553877434e-02
1.729016257375170368e-02
5.102743090000324416e-02
3.520519180790428887e-02
-2.646731303715947614e-02
-2.840363689716288165e-02
3.425316221015452245e-02
4.425336422710332562e-02
3.585534720356183674e-02
4.614517058139252365e-02
3.639885070404653977e-02
-4.889545438821406298e-02
2.482121191620316469e-02
8.039814931614230886e-02
7.321043829931901670e-02
8.504252457376154650e-02
3.056721779376702502e-02
1.401881103244670412e-02
-1.176470761980982771e-02
-5.190323803430572924e-02
5.032123794727209887e-02
-4.426499986464042802e-03
-5.711115610565584144e-02
-9.474332165381063597e-02
-1.636508755832785100e-01
-2.195862284467881009e-01
-2.882918051855125618e-01
-2.506416250745432950e-01
-2.270106015150418488e-01
-2.485769828638385304e-01
-2.369381605012767789e-01
-2.433278801470883657e-01
-2.062629097619776974e-01
-2.572811108513782252e-01
-1.536284409911209403e-01
-1.552906026304526621e-01
-8.210093759479894504e-02
-1.515081470860998869e-01
-8.046001645801770241e-02
-9.391038429483786198e-02
-1.181630373371249931e-01
-6.567821067095121201e-02
1.152129128402880343e-02
-4.999676174588129490e-02
4.383225074044316827e-03
6.771642557997842315e-02
2.464894843252377760e-02
-4.629778191874209248e-02
-4.786520805122168598e-02
-5.665843446099563807e-02
-5.674783793366208751e-02
-1.294469116495743366e-01
-1.508670854997025135e-01
-5.781956134891304278e-02
-1.127357577927693144e-01
-1.810272673877916794e-01
-6.781782165406510798e-02
-1.396479309466461538e-01
-1.446125049218339731e-01
-1.077442128964486157e-01
-1.244015884749726797e-01
-8.807138440503237131e-02
-8.101688681464927488e-02
-1.311015085541857861e-01
-1.772875346399567786e-01
-1.061887869620926905e-01
-1.224778897555345858e-01
-2.206853641222071560e-02
-5.753592436727848064e-02
-1.190884470128891065e-02
-4.803204796240891084e-02
4.164561190956417996e-02
9.231895594652672621e-02
1.195624696300185419e-01
1.952187028551164993e-01
2.336101153132523200e-01
1.757201807277603556e-01
1.865851088650516965e-01
1.374862655820293655e-01
8.771746267132357611e-02
9.818440209485973513e-02
3.295339626843830222e-02
2.974575480990742857e-02
3.471986512688200743e-04
-4.320969543580734790e-02
-1.202768350215037974e-01
-1.433035844558147032e-01
-1.101061024090427970e-01
-6.118347006322030074e-02
-1.251132445295896900e-01
-1.548585300371908280e-01
-1.773079788107590760e-01
-1.715004504963422716e-01
-1.496405169061962026e-01
-1.262715404073325998e-01
-1.557548945752485481e-01
-1.516270779008659364e-01
-1.932206425409583594e-01
-1.172270370009867446e-01
-4.623636399750141734e-02
-9.889698341902164458e-02
-1.616831976899428813e-01
-2.075422303985907935e-01
-2.482540567656339459e-01
-3.200898581082965433e-01
-3.061178918473776434e-01
-2.384444930107194882e-01
-3.074145328595124793e-01
-2.579821413637621852e-01
-2.213128641133237651e-01
-1.584791413015776973e-01
-6.366534793239629619e-02
-5.318231171829271992e-02
3.865666869561829033e-03
7.335275809079461196e-02
6.817195471215427294e-02
1.831898024084045729e-02
-4.766685550139169308e-02
-3.694998767187804983e-02
-5.029765932454849375e-02
-1.863247793424933213e-02
-1.000201530434618735e-01
-1.168909149274223458e-02
-2.430566839263655077e-02
3.771756265782961332e-02
1.237812749911515742e-01
4.349907023752297430e-02
9.045685601180064594e-02
9.104026625050397337e-02
1.803366116490127125e-01
1.173893591684442989e-01
1.718508801337372272e-01
1.957234538657466327e-01
2.692340606675979187e-01
2.229171403044046262e-01
1.072704112443584323e-01
1.734566904732772197e-01
1.931658163659137617e-01
2.669279676282139691e-01
2.849327774022228921e-01
1.675319216023531399e-01
1.265699195644689468e-01
6.105547462624667798e-02
3.680278310869741776e-03
6.142297968659367335e-02
6.629969632404406066e-02
2.193457863877147640e-02
2.564055619215016915e-02
1.923097637285027181e-02
-4.013606386790549707e-02
-9.505355052267097649e-02
-5.992372441580512410e-02
-3.349663928010316455e-02
-1.197553267211006259e-02
-6.064361675247291472e-02
-1.523394830654186405e-01
-7.582994025064646038e-02
-9.108126699271057447e-02
1.743735271595629743e-02
4.525456415816485334e-02
6.514860796716122338e-02
6.035312056912919138e-02
3.609546748033548580e-02
-4.226071686382760345e-02
-8.071234446510952565e-02
2.201158185250462473e-04
-7.351573299201870360e-02
-1.172534101899852937e-01
-5.186231005468780464e-02
-3.883964816750565263e-02
-6.451964074970362173e-02
-3.583678062109124651e-02
4.333236589954887752e-03
1.215696122858134914e-02
-4.832477229219761528e-02
-1.879897198285101351e-02
7.137851971026992759e-02
1.205395851853368616e-01
1.274812932741439253e-01
4.932336723864813588e-02
8.474270537254638413e-02
1.396001807774960024e-01
1.336616705522039039e-01
1.825241630758540068e-01
1.390661726502922801e-01
3.911290651962943954e-02
-5.738966591119663840e-02
1.847277501682495493e-04
-9.686244770122813541e-02
-7.757521022711152958e-02
-5.208106185425941115e-02
-1.147845872718357557e-01
-1.909265248713826468e-01
-1.341276105813185571e-01
-1.197621720642020327e-01
-4.066667224693688854e-02
-2.320892889549008853e-03
-8.874126843058351144e-02
-1.226865945034592287e-01
-9.320053437706431188e-02
6.577821447077136785e-04
-7.923235636596896725e-02
-7.852715123648337792e-03
7.537554818274436186e-02
5.249335494395293567e-02
2.789552118388478191e-02
-4.992743360907471450e-02
-4.966597122745434328e-02
-1.420602716102151164e-01
-5.281584900524363690e-02
-1.349392079220747276e-02
-5.629596511747017584e-02
-3.039183703141139919e-02
-5.461752286376260479e-02
1.095053852634306213e-02
-4.010807257860485309e-02
1.491009042271696644e-02
-5.596707253759297673e-02
6.826773610819868165e-03
-4.935983531879012398e-02
-9.038616552282327521e-02
-1.038472037023323580e-01
-1.695101298545940161e-01
-1.596237389066533507e-01
-7.504653463269458924e-02
-3.871304533470142778e-02
-1.792488012835951466e-02
-9.646151343059952699e-02
-1.850481076954767490e-01
-1.922993585215618806e-01
-1.216044407226146845e-01
-3.401864546923696886e-02
4.506363979461275315e-02
1.113412181950090285e-01
1.342049128517958934e-01
1.261593804700856525e-01
1.638281492729442013e-01
1.204236458378158681e-01
2.005193895017614025e-01
1.391905005407883533e-01
5.206723703916546486e-02
-4.876112028215209837e-02
-7.781806176908714900e-02
-1.311957114906519006e-01
-1.637121601115930636e-01
-1.414248617116559970e-01
-9.577337702377031192e-02
-3.067533240328251115e-02
-7.258675568031498770e-02
2.722676153849745706e-02
-6.054559441319067037e-02
3.553240470010876617e-04
-8.088033081454472362e-02
-5.287637164636722897e-02
3.759916339458145573e-02
9.908392195775272970e-02
1.671934198982956143e-01
2.348695323171355320e-01
2.918386354626572032e-01
1.772726135345081833e-01
8.679877138739390541e-02
1.542147277518016724e-01
1.254271945836477054e-01
1.788832234474568572e-01
1.689750319623185559e-01
1.254165602880468744e-01
1.853541978273224311e-01
1.026225846255130331e-01
1.071291535628160763e-01
2.742855199891480744e-03
8.983754117051712118e-03
1.063809550843228674e-01
1.168787501617269270e-01
7.063637175140563551e-02
1.078528073265561660e-01
8.086100959472174166e-02
3.337979099606883798e-02
2.831729208316058344e-02
1.070283828595982867e-01
5.472921483473308646e-02
1.181234422538869760e-01
1.203608662679023500e-01
2.049002156026885069e-01
1.969506626437340924e-01
1.955891469998184695e-01
1.243628136348002844e-01
1.142858894619266513e-01
1.085092792311430632e-01
3.801420565549973318e-02
-2.200474216483164214e-02
-1.001011101232435058e-01
-1.564367051215032056e-01
-2.081651319798170641e-01
-2.294395235923928356e-01
-2.910549922768128628e-01
-2.456346004431321228e-01
-1.509207961150582644e-01
-4.720939721863552652e-02
-4.143280664708358374e-02
-9.994534278240572306e-03
4.237822034569771121e-03
1.251412148734256172e-03
4.016550616002722424e-02
-3.869502700710968079e-02
-1.036860126083637978e-01
-4.261893640441265230e-02
-4.710762279877505482e-02
-7.029278155469045886e-02
-1.037795400317558514e-01
-1.413715341447497331e-01
-9.200537689136015218e-02
-4.934477049731975790e-02
-2.923891996295680321e-02
-1.149818460826090849e-01
-8.439980052222022244e-02
6.380582517212018967e-03
6.537441651625930383e-02
-2.856236977011288730e-02
7.377376956122130847e-02
4.947850815923363066e-02
2.606281853140858876e-02
-2.064407697834522507e-02
-5.825341682048740255e-02
3.325768667443313592e-02
1.788277619185538875e-02
9.415895777014175738e-02
1.750652386951556116e-01
1.164942234846331054e-01
1.275791513893928253e-01
1.363050192009674366e-01
9.205705060256517969e-02
8.548552024918495973e-02
7.651354540511362545e-02
1.079326202805399038e-01
1.177938463637240307e-01
1.761921493190093946e-01
8.071564452284366031e-02
1.315180328085763517e-01
8.543966572888479771e-02
5.724337439869784522e-02
1.753153241233908199e-02
3.622294564068576778e-02
6.837253293758976946e-02
6.352576833182690952e-02
1.988184984720735987e-02
-8.055612833826526764e-02
1.789376313906433646e-02
-2.186826701487338057e-02
1.507970334373450946e-02
1.065166171431770059e-01
4.553674343191200374e-02
8.622201528151891836e-02
1.045214302849701432e-01
4.804541835418908724e-02
5.218830249467021343e-02
1.106847257690816710e-01
1.334688275292515713e-01
1.620451041141695581e-01
2.009156714484218453e-01
1.965687958865955653e-01
2.053436385161491740e-01
2.457664578269735389e-01
2.079588704604224958e-01
1.098450948858743781e-01
1.831144183527319558e-01
8.938379020601355807e-02
9.953523844844652801e-02
9.566674248926125557e-02
2.538633800175765787e-02
-2.038485426077704665e-02
-6.238303101101078108e-02
-8.665251748238732288e-02
-6.466536363769165296e-02
-1.245848891199867470e-02
-5.172940380797678289e-02
-1.121180630808601975e-01
-1.137516659871107005e-01
-6.780235152649440045e-02
-7.698761391876179916e-02
1.354369919823322777e-04
-9.462566534233275706e-02
-2.976009990883578260e-02
-2.501156709700773709e-02
7.219654911063183578e-02
2.751686121605819574e-02
-3.319518065788717998e-02
-8.496479215311913968e-02
-3.558565091675547354e-02
8.711015020015713817e-03
7.320970598650286543e-02
-4.042625486841006088e-04
-2.931073708547915838e-02
1.326994450358116862e-03
-6.715347636269537734e-02
-4.978823383423092164e-02
3.570484556580570679e-02
1.816998776113165626e-02
7.355972382384777519e-02
-2.540129205867604212e-02
5.837160223919184154e-02
2.029860795474548729e-03
7.359666386120272685e-02
