-7.005675267312803933e-02
2.481257114658329765e+00
-1.587603220850852592e+00
2.147778179509410634e+00
-1.352773111876276246e+00
1.729084760691876888e+00
-8.380365456047516037e-01
1.454442125907835504e+00
-6.893024148378305016e-01
1.319806910361603913e+00
-6.635022722643827420e-01
1.299787589124557163e+00
-5.848908415638726099e-01
1.163393424878627513e+00
-4.634598118892967467e-01
1.076353272408062001e+00
-4.987296008615609288e-01
1.154345964757194754e+00
-4.765403453509692300e-01
1.102343586961346489e+00
-1.940945397847495535e-01
8.087087303226510038e-01
-3.532954807669008712e-01
8.349857433227200199e-01
-4.581677227542122477e-01
9.897783945049563048e-01
-4.013398849650523514e-01
9.593207623538441142e-01
-2.280397356018507016e-01
8.201254322818056774e-01
-1.304551816809320156e-02
6.105789577299950421e-01
1.950939965890016170e-01
5.538476209953893115e-01
9.436406949837236602e-02
5.095243061158838405e-01
2.371975855189548676e-01
3.823474997006003351e-01
1.405675200899598742e-01
3.573879623469541356e-01
2.235282795368505604e-01
2.110313645352378809e-01
1.531271468982019490e-01
3.809606118906659900e-01
2.015038291347554245e-01
4.515066508891348862e-01
7.469082364257081941e-02
5.591503477233312758e-01
-9.028995815764599697e-03
8.235989090178605920e-01
-2.821651314055917403e-01
7.865377402558016984e-01
-1.105306758042191306e-01
6.209022184608378181e-01
-2.399232656499509231e-01
5.926995463904563000e-01
-2.096699145970798428e-01
5.697762794904868144e-01
-1.499428824658531056e-01
6.968478206680022158e-01
2.740087591499013042e-02
6.760713598062472185e-01
-1.399349606644086641e-01
7.093874588243523904e-01
-1.516814190299567988e-01
7.971367567990623737e-01
-1.898777514344704154e-01
5.198012377164927811e-01
6.334998383895312779e-02
5.156014118710555705e-01
1.226079688071936846e-01
3.957225329121975554e-01
1.502669319188087438e-01
3.007586546454284471e-01
4.093407710092977214e-01
1.573241606684970817e-01
3.277122974985344772e-01
6.037099472050078131e-02
3.608064659978877931e-01
-2.390333309736765444e-02
4.905739749167397079e-01
7.367978018434165333e-02
6.660612567856976085e-01
-4.927286319965153150e-02
7.058371974811934457e-01
2.136880779353605986e-02
5.009548096773042136e-01
1.193559244200224079e-01
5.219810957405817131e-01
1.060450378807137883e-01
4.040459255541374306e-01
2.625938221351700741e-01
3.903596589128794370e-01
3.736018375344545839e-01
2.081110213376126394e-01
4.307455384533077081e-01
4.291445384756790160e-01
3.243480988441589941e-01
3.224243366370292407e-01
4.833902341649198298e-01
2.248339483825200491e-01
5.828583241931261094e-01
2.004846404617944000e-01
5.164765282427323800e-01
1.443731009384413011e-01
5.108300532928758964e-01
2.258385008034352603e-01
2.294240579088188403e-01
2.777719500059301905e-01
2.404473178556788271e-01
3.894718497622988718e-01
1.133533970367595900e-01
6.173558474938771745e-01
5.413090109176635356e-02
6.933120845195899218e-01
1.587230096723886985e-01
4.353363689878409493e-01
1.823087583360472053e-01
5.646118072336800964e-01
5.220312107469289586e-02
6.286494933383955930e-01
8.934234590026805811e-02
6.084498549222329133e-01
1.618019593921751764e-01
6.346555669454303494e-01
1.572423552237736388e-01
3.603118991651576009e-01
2.722221909578674826e-01
1.586879257735232529e-01
3.064020223535456333e-01
3.878733166353426354e-01
3.317811646667493952e-01
1.379739525691877911e-01
5.350657525083085675e-01
1.735637335479114918e-01
4.311414193825822139e-01
2.516946466485983080e-01
3.591532283258418445e-01
1.701167912815868544e-01
4.994184145325150093e-01
1.519712242568865557e-01
4.191340500907418387e-01
6.388117868433097757e-02
4.902669311681124298e-01
1.637547323160888635e-01
4.512407510713319914e-01
9.218494134144966656e-02
4.005396373462463688e-01
2.196957695263592192e-01
4.017524319043632164e-01
-2.639023313754312872e-02
6.598278103297835484e-01
6.534557309292669813e-02
5.563080324451717962e-01
1.018977439607265667e-01
5.784860332664185645e-01
2.380780085281092306e-02
6.728992754127830489e-01
1.737887307621818755e-01
5.743958847037347049e-01
3.251747019544383721e-01
4.633182634551190615e-01
2.002142720326468006e-01
4.646243786791478536e-01
1.311916437446918604e-01
6.113652135835816459e-01
5.519547088334732232e-02
4.123634612269156952e-01
3.043264307849135042e-01
5.133537482991807899e-01
1.204834317046394598e-01
6.551183123002870534e-01
5.075407295085655052e-02
5.974366146360980956e-01
1.971041773416049372e-02
5.798477834081052773e-01
-7.005248335872142976e-03
2.972226694786591628e-01
7.926097966299648634e-02
1.257400269091934197e-01
2.322364188394496209e-01
2.885549426019770602e-01
1.882147037354006680e-01
1.990390278199512530e-01
3.499125176793749237e-01
7.675152994910106052e-02
4.087895187103621764e-01
-1.141105317471398511e-01
6.152715132422064137e-01
-1.688957399768650780e-02
5.977676531792162073e-01
-1.110153807757454508e-01
7.472782597946728833e-01
-8.443190964289898348e-02
6.583737070655334422e-01
-1.772532664436714811e-01
7.432506413307704562e-01
-3.577628076745371644e-01
8.718746507770704923e-01
-1.976818188600980852e-01
6.274136052953886988e-01
-2.081139940147948286e-02
6.862488446922538898e-01
2.423307667681108557e-02
6.962878268060064268e-01
9.441848736357023875e-02
5.506998637637717797e-01
1.406754521566747629e-01
2.993481197296068985e-01
4.275648982361449080e-01
3.632991471376461057e-01
3.717717682556420655e-01
4.094686678075544206e-01
4.321073307810684994e-01
3.934962471949199347e-01
2.763659103314832777e-01
4.586596698968234964e-01
3.018766190194432930e-01
3.885983293875277522e-01
4.453362920184739115e-01
4.848252700928765702e-01
3.568744353634012989e-01
5.128842051653952350e-01
3.079964131917731773e-01
2.819206831464545204e-01
4.359717494468806076e-01
2.831415458831076926e-01
5.817997348522855328e-01
2.968636361796871959e-01
2.972337132631898693e-01
3.739020993376126478e-01
2.063791214872415514e-01
3.750078690316204222e-01
2.256106562500486690e-01
3.124786000716434087e-01
2.109299102985493501e-01
2.704492398365388461e-01
2.302645946427098744e-01
4.065437474853706434e-01
2.770602407063156858e-01
3.614289755166574247e-01
3.266453329877388456e-01
5.052002151465513347e-01
9.903663825483802197e-02
4.903363912977730665e-01
3.477648059707030281e-01
3.017599954436615550e-01
4.253482643540282826e-01
4.944403976662639644e-01
2.383613602009398980e-01
5.185546302952749320e-01
2.768895495283660302e-01
4.560931399290654720e-01
4.949570027370553404e-01
1.902601237263481793e-01
5.889669746846154519e-01
9.592523341661511604e-02
7.547658014355067557e-01
-5.298547229062518932e-02
7.078811464039964640e-01
2.097299802992375062e-02
6.709997455334709704e-01
2.681412751791983906e-04
6.801601316643132167e-01
4.217845551015616395e-02
7.847134669111657246e-01
-1.546949866829712139e-01
7.104063864547602858e-01
5.341285609554345670e-02
5.412526238119028665e-01
8.472256375350926960e-02
7.166228805359449172e-01
2.018054916945603572e-01
6.057519340377695016e-01
2.027869504194093897e-01
1.874537551705685312e-01
2.202355585942281091e-01
3.351630201315140001e-01
2.847188115074792414e-01
2.602198243617774298e-01
2.161007169065330691e-01
2.602929371527691327e-01
1.220649526236530780e-01
4.204583710526570428e-01
2.321026782432298319e-01
3.410585595983584017e-01
1.760215758338788128e-01
4.691681833937899060e-01
2.850017126023556280e-01
9.595021818767035526e-02
2.796535508955142468e-01
3.425315352207096153e-01
1.422727721089011577e-01
1.580471002570863759e-01
1.679002649983367679e-01
1.426908709663566310e-01
2.737653812995747282e-01
2.227026756172744149e-01
1.466889617707443083e-01
3.212676877167188194e-01
2.410906389362475755e-02
3.555894699284140592e-01
5.677757880525992340e-02
5.788104780496946544e-01
-1.720001705594822461e-01
7.028448139005445405e-01
-1.251458642327028525e-01
5.110204630483283772e-01
2.717428991704184948e-02
3.652347551061403963e-01
-3.877680086473414556e-02
7.436311649228337650e-01
-2.621709570210412621e-01
6.312153799952255895e-01
-2.474260723785533939e-02
5.601719977751391522e-01
-1.312414691693151725e-01
5.117918779899106596e-01
1.637829201503360477e-01
2.750366525444500887e-01
1.971492359139724870e-01
5.180307334522178397e-01
8.481318592470776796e-02
3.971638607474780036e-01
1.504953773810220330e-01
4.155370518547284453e-01
1.580945057213690996e-01
2.943938747307636161e-01
2.519406708388456373e-01
2.863682433613374823e-01
2.482649741337417115e-01
2.255137909190620404e-01
4.051075170919753443e-01
1.725467826545492578e-01
3.781667767974501992e-01
5.855519021183222539e-02
3.735240882643134919e-01
9.932573731048727206e-02
5.043390886569715237e-01
1.494493530223731381e-01
4.140585924913646187e-01
2.371664156194498163e-01
2.309159281463292746e-01
3.450912262855304613e-01
3.327988524274092530e-01
2.344927763096491535e-01
2.207651707733059299e-01
3.283987336698895310e-01
3.482440920204853407e-01
1.113202411701083305e-01
4.623611264504521312e-01
1.221221784703922231e-01
5.875781018578283277e-01
-1.138179659961936208e-01
5.448018408582908645e-01
3.481613716177253681e-02
3.920916853584196504e-01
1.037633163381957851e-01
6.034465145570556688e-01
4.452172226640320474e-02
3.688743333482809028e-01
1.644755969903374804e-02
5.623346349701388025e-01
1.554046236586807683e-01
3.046982880319423770e-01
1.635526091825069139e-01
3.554373030480711404e-01
2.360487063811044228e-01
3.521750955490983714e-01
2.125552832075004173e-01
1.008944058936054877e-01
3.063892124754643009e-01
1.824729014234117430e-01
5.382457382411321989e-01
-5.622625323624104443e-02
5.894387692907259169e-01
1.653386008300362087e-01
3.393357167083806969e-01
1.189001607158114704e-01
3.017641259347118021e-01
1.912115714669477273e-01
4.428167865453652152e-01
2.383929627592192013e-02
3.839351854789671004e-01
1.028814651658805923e-01
2.594511154162474909e-01
3.638787924252145367e-01
2.094785663422183974e-01
4.815266286396453488e-01
2.706072324165047505e-01
3.347726377144660814e-01
4.167595649156987103e-01
2.420065200674624828e-01
1.883777606343183808e-01
5.793367542116588664e-01
1.588472896489498687e-01
5.527156535934346637e-01
1.079746967820239822e-01
6.857632309326293640e-01
1.353428608699607238e-01
6.431640351680825152e-01
2.846219800665428235e-01
3.911078449627171105e-01
4.067472923014628927e-01
3.146272905313224344e-01
4.470837694274363838e-01
4.019156531841084345e-01
4.471519066998537184e-01
3.733576977510664752e-01
2.811579689210950139e-01
1.518014247467873723e-01
4.719567628147116056e-01
2.773735377441133299e-02
2.310461895036596547e-01
3.461970479943361489e-01
2.563403640487559865e-01
3.522410280299058671e-01
1.986369149860942318e-01
2.299974963747973555e-01
3.128751811700006269e-01
2.871996322367672549e-01
3.848635504542238794e-01
3.900023582949161960e-01
4.484898946526014174e-02
1.569848922957716719e-01
4.490208673322312882e-01
3.622550759539561183e-02
6.265392118292203438e-01
1.221811920749890645e-01
5.520174066644832900e-01
-1.053056764766351905e-01
4.801999036862610870e-01
4.993228997908859962e-02
5.664632886102549669e-01
-2.126279136884373644e-02
5.303633403074541341e-01
1.336847943697412056e-01
7.354784715051991828e-01
-8.761535652684684927e-02
6.013164921310978350e-01
1.343690189695609105e-01
6.340681001979823206e-01
1.049031197352134209e-02
5.844722908458246380e-01
1.287738868419940896e-01
5.554056590577211017e-01
2.675730163544080831e-02
5.253542953610430555e-01
6.626023984748358187e-02
5.654587389755580951e-01
3.496177603274952528e-01
3.430550907681906847e-01
3.956256068192913755e-01
1.630215654773361500e-01
3.919272553376260682e-01
3.161538866761293143e-01
5.193540781833316800e-01
1.627543510670372284e-01
3.774442523802521432e-01
1.880924646307451931e-01
5.842976720614874164e-01
2.124816959477736633e-01
5.282722484267490248e-01
1.342027054973272127e-01
5.109156035818851471e-01
-1.783375620479644291e-02
7.075026934719281790e-01
-2.099534243228541597e-02
4.308156015628716307e-01
1.353858182513565100e-01
4.535439212755728589e-01
2.354030591002922446e-01
4.136016092052630100e-01
3.127687506471343859e-01
2.183155803286745966e-01
2.583130329209906151e-01
2.866702679602520787e-01
1.762189154937464919e-01
4.283840699493569049e-01
2.899023887518124565e-01
4.433081044407907179e-01
1.218892391046987461e-01
3.527465726254435108e-01
1.679373419487852626e-01
5.010014395559745370e-01
2.683975295122644211e-01
4.159238741362257241e-01
1.026134727508547784e-01
3.710894854829064893e-01
2.834492260065306635e-01
2.595729194202077705e-01
2.639332531198695930e-01
3.930339689447086560e-01
1.754532909438302202e-01
3.428666119713760230e-01
2.561724291477815996e-01
3.546321953173496855e-01
5.475461032750685714e-02
8.904058063006498047e-02
4.175190818729984099e-01
-1.336398660866124355e-01
3.778732175996742937e-01
-3.152599072831216431e-02
5.067162663550116575e-01
-1.791669050393443763e-01
4.326133187545567194e-01
1.355485808839727857e-01
2.672684063782074237e-01
1.872327278617667845e-01
2.545342686232474616e-01
8.894963617068871176e-02
4.660750583275951597e-01
2.007084813586275940e-01
2.940359904514301403e-01
3.485373930863213121e-01
2.811134754008134395e-01
3.358359556833225845e-01
3.735084960654898589e-01
3.832791427721604638e-01
2.956286477175098515e-01
4.550557177604270809e-01
6.914404322792272461e-02
5.208756340547678887e-01
-5.714359216896553600e-02
5.124340024599356447e-01
1.677579385552255831e-01
3.776391113789882015e-01
2.173617201696520507e-01
2.844256099753654787e-01
3.523369966024886835e-01
4.726676917485772567e-01
3.549796655157524405e-01
4.111612937112051891e-01
4.732104084568591329e-01
9.120444599342575343e-02
7.166275687236174363e-01
1.275068922337535549e-01
4.653029963756109555e-01
8.025470384909663690e-02
3.667426293604857390e-01
1.136708789255139185e-01
5.004065082994650915e-01
-4.063837623065438831e-02
5.817178783060507063e-01
-1.144829634646948174e-01
8.134001997946805895e-01
1.149946212251707622e-01
3.680477374486932352e-01
3.082799924880303410e-01
4.556904765746621067e-01
3.433047142163287435e-01
3.800829395538705135e-01
3.929697941677643414e-01
2.259087923354907712e-01
1.850618978693677197e-01
1.908552263700110663e-01
3.774088513731009287e-01
3.942962301475765874e-01
1.665738280604863175e-01
3.310817680981038569e-01
-3.181463875857437618e-02
3.308801047771108284e-01
2.531558256932298079e-02
3.498359363130939537e-01
1.859494616515857124e-01
4.283045893736438514e-01
-3.121021254571236525e-02
6.514145683712687651e-01
-1.418194184451691264e-01
7.689419119531710756e-01
-1.149399356033760783e-01
8.106586173521004302e-01
-1.360950475883965227e-02
8.195149982176652692e-01
-2.254780621431525245e-01
8.664333538189528117e-01
-1.516589220633074442e-01
7.160061100420669344e-01
-4.184562082703978392e-03
4.263209442447093434e-01
1.371331062772574994e-01
3.396349418104948059e-01
3.681299873974509529e-01
2.366340961066963899e-01
6.801474493316317371e-02
3.427106896837961991e-01
-1.240004915974672328e-01
6.286915698556631016e-01
1.423744549241024761e-02
5.297800121665471318e-01
-8.623187744470350857e-02
6.314275039646608523e-01
-1.618824484055355339e-01
7.400317949464740863e-01
-3.942315279930313499e-01
4.119528873458025986e-01
-9.507565178999667632e-02
6.065303063788879401e-01
-1.029038283697697176e-01
5.915633203166306142e-01
-7.104846358576166754e-02
5.153776716367826083e-01
1.465906121612323976e-01
3.129617682647741761e-01
1.584153448872251124e-01
3.981168599522886820e-01
1.564478597251179326e-01
4.631483310894242700e-01
1.305195743697515343e-01
4.038801250712285573e-01
1.909395394831527870e-01
3.835497148548868696e-01
2.102505107706732490e-01
3.194844973889454098e-01
2.788684854575906868e-01
5.087224697529592055e-01
1.597375546868184115e-01
5.379446020994169686e-01
2.408390514697871798e-01
4.215413536316565679e-01
4.031545323675500558e-03
6.838791062299189871e-01
8.253163509815530929e-03
4.791976985900325836e-01
-1.375629017545643706e-01
5.864202468184394057e-01
-1.827271987503119310e-01
3.458813894554141344e-01
6.281764696592787023e-02
4.087069001608328866e-01
1.142842643855159351e-01
2.964850365461754733e-01
-3.201603254135285126e-02
4.312920212457196922e-01
1.693734588427736956e-02
5.760309324997461289e-01
1.329740598021409703e-01
2.625890153414830452e-01
3.449545071965886556e-01
2.258963625128233288e-01
2.210984330718724911e-01
3.523861348294819451e-01
2.741585955475223657e-01
1.259394907992262558e-01
3.950035519237387605e-01
7.718588009769680736e-02
4.273575668885372103e-01
2.481696938366675098e-01
4.176456205185323234e-01
1.707372985270801669e-01
4.635234370520307512e-01
1.096699794424306484e-02
3.686010961111456652e-01
1.471979141783348599e-01
3.227891943190427382e-01
7.911613664237232557e-02
5.250870143278043578e-01
-3.649113986447916069e-02
4.440217958104720752e-01
2.016292671501934697e-01
3.540238531125101673e-01
1.598635345119982509e-01
3.528280630694651254e-01
2.353369965891576876e-01
1.352757956326400834e-01
4.047891938521199218e-01
-3.654115856885323255e-02
5.661449643208599225e-01
1.098545059117162076e-01
3.952129283271091920e-01
9.016723416025561322e-02
4.894606494938265606e-01
8.933894557120443392e-02
3.061330865421266201e-01
4.261508471049301749e-01
2.895086152093597764e-01
3.715548532308631802e-01
3.490300406700587721e-01
4.732269652473093946e-01
2.034211401869255864e-01
4.609393658398091009e-01
2.202392239838437682e-01
3.146566694899264327e-01
2.963102412430637655e-01
1.754173747151994145e-01
3.395676401046922588e-01
3.059748020897693488e-01
2.533947421135864797e-01
1.532897505412942063e-01
2.362299772127903208e-01
2.027101162987451632e-01
2.020951494839753892e-01
3.121529236196325385e-01
5.537951324264293873e-02
3.039333332505649299e-01
2.828507340411391957e-01
8.434496936400519285e-02
2.916698657871751865e-01
2.834655882284992101e-01
2.651520463574731923e-01
3.561427827252019451e-01
3.551541270190756716e-01
3.488619121825846381e-02
2.945681022407707905e-01
5.844072471674675168e-02
4.268651907032628423e-01
-9.039883994716489679e-02
3.475855461490636178e-01
-1.110418813904739399e-01
1.383196384118281497e-01
9.879604178339365661e-02
3.501985875293067707e-01
2.858251847176260796e-01
2.948978748146488527e-01
5.329462540794411840e-01
1.667098095948730541e-01
3.131339777621654497e-01
2.237473110023338874e-01
2.883371584892707173e-01
2.349310688462939167e-01
3.323797303471154319e-01
8.463681857199201186e-02
7.849144427998635543e-01
-3.618006592895658402e-01
8.398446107933941196e-01
-1.209634524077456696e-01
7.411228163445136019e-01
-9.955827371925027314e-02
8.632457728820304155e-01
-3.761729426938056203e-02
7.838144495745456020e-01
2.609945339436499367e-02
6.583485492836943509e-01
1.383074433894740385e-01
4.359989044465319985e-01
1.845792114734245426e-01
5.153977423102865663e-01
1.836451737755510627e-01
5.034393532990024678e-01
3.529444891229132075e-01
3.653453127489543206e-01
2.255765517319490709e-01
5.144898338792276427e-01
-2.255593902011776564e-02
5.913635998480641920e-01
1.178548272631375210e-01
4.260700860104321697e-01
3.028377147474358710e-01
3.494955723440660300e-01
3.233883845545346136e-01
1.802298525711441279e-01
3.353922517205836229e-01
3.011093329227026993e-01
1.504997345286792354e-01
2.751583077059914229e-01
2.811987643084061794e-01
2.438167632719941968e-01
4.871796988198926481e-01
-2.371712554940416662e-02
5.237004955888581170e-01
2.307809799468917289e-01
3.873951528236966313e-01
4.347546175683694725e-02
4.069807976933598193e-01
2.553354516657133644e-01
3.199400079311796041e-01
1.258588232054329570e-01
4.286556087153816086e-01
1.410219075905463082e-01
4.563916448503026468e-01
1.773362741737924964e-01
4.205230811141913438e-01
1.841509561976862608e-01
3.139282162990520986e-01
2.697222284202521747e-01
1.698498196698712270e-01
5.084667131674395213e-01
8.058636986468090124e-02
5.701197196284688573e-01
1.639045975725839654e-01
4.796601097804668035e-01
1.174379657969899932e-01
4.515845811874238946e-01
3.250327958588034583e-01
2.690230591523770642e-01
2.594360181854877823e-01
1.798789617371157612e-01
3.378773249642554322e-01
-3.044567774954545780e-02
2.192962169006839046e-01
6.474320653099346901e-02
3.812208497565316989e-01
-8.589863849797163553e-02
4.617245417826995046e-01
1.044626357420029711e-01
4.194603023893146432e-01
3.732871657221110695e-01
2.445941000827276390e-01
3.837733619219833026e-01
2.484988127531746194e-01
3.724160578117142184e-01
2.300530220905224743e-01
4.313533840320624702e-01
1.833193118113351505e-01
4.277799159155672992e-01
2.033709076003412108e-01
3.828302090955874037e-01
3.502886360016581602e-01
2.632481028112725330e-01
3.605236117455278277e-01
3.057297072904840429e-01
2.029571998711986180e-01
4.796087510690409950e-01
9.785541436922966241e-02
7.124354156190365606e-01
-6.368408453441248840e-02
5.818820567261721033e-01
-5.896017353873646977e-02
7.185669051385026318e-01
-1.434075825415653815e-01
6.928738989511810109e-01
-9.386153951140271956e-02
6.404972260273248397e-01
1.524706819664542468e-02
4.189859569078722146e-01
1.506325788093236528e-01
3.911886416037043679e-01
4.054648644051084272e-02
1.644490112266185911e-01
2.966114813453391008e-01
2.041483511826300834e-01
3.362554115330378401e-01
1.632561060421165444e-01
4.103547454710642639e-01
2.229877399337874544e-01
3.808492180504332580e-01
4.976507243965100358e-01
9.037995441209445424e-02
5.376208890984597311e-01
1.338826805722778124e-01
5.081584187674631492e-01
2.200301884604043967e-01
2.591076818494701395e-01
2.287872315360516273e-01
1.626180368556519040e-01
2.040742898794028481e-01
2.873104374812367467e-01
3.239662988412219669e-01
2.131692458733817352e-01
2.717380545249580281e-01
-5.358179272054242048e-02
6.125284344004678916e-01
-1.590514964439511125e-01
7.537822720061251314e-01
1.798742318519249983e-01
5.522259858121180143e-01
1.523761092235527970e-01
5.531996520022743891e-01
2.638824961828967752e-01
4.593686673205850668e-01
1.827122694751718845e-01
6.512894407741838254e-01
7.075145324523982038e-03
5.943631347285447397e-01
1.397496161513970825e-01
3.935986301353302519e-01
2.787409300759246533e-01
5.144791747705108609e-01
3.329225295909100102e-01
4.396960981986173245e-01
-1.290272627410307682e-02
5.842618274869392225e-01
1.727181400626241758e-01
3.451177898565358504e-01
2.713495718943531587e-01
3.636438466050861962e-01
6.449998675712415031e-02
4.210883885073345434e-01
3.977954160233891368e-01
2.498923126159356967e-01
2.173897899121464417e-01
4.250599145496431475e-01
1.813141938036519074e-01
5.237660959002830019e-01
1.226204905407758533e-01
4.740354213410319373e-01
3.219254067347899761e-01
4.498235065328226590e-01
2.248040037946622549e-01
1.833913203012466075e-01
2.922616452486651029e-01
1.555865491885755625e-01
3.018879271642381235e-01
-3.316870168252855633e-03
2.541527565195068061e-01
-4.501458155863780064e-02
6.317567032548795369e-01
-1.082365704073474100e-01
7.434795474814628324e-01
-2.865716049196496695e-01
7.373271625549160380e-01
-1.760728756265009520e-01
7.732006028680887821e-01
-1.469410893091397663e-01
7.120222593273535239e-01
-1.155236387485115840e-01
6.625496597274271871e-01
-7.355643293794156268e-02
4.149372456402038445e-01
1.850042814519334278e-01
2.751625973745134845e-01
2.572087356602353325e-01
2.467186695381916595e-01
6.830469640474290394e-02
4.973578441341069412e-01
2.395545915009947291e-02
5.957958014679333170e-01
-1.745467558679856535e-01
7.540440693480188195e-01
-1.799350058003337804e-01
7.431241620732372821e-01
-1.066233304598592224e-01
4.885217326159499995e-01
2.880049941832867333e-01
3.113252274551771559e-01
3.728018953737807228e-01
3.537538444320691422e-01
2.465889840055327520e-01
3.035636734594917008e-01
3.992120266736386980e-01
4.073077178622701577e-01
2.564706539700074006e-01
4.110800297927819646e-01
4.161037464546383235e-01
2.708471113070456959e-01
6.779221102380339481e-01
-1.938340052049227630e-02
6.117412976345319997e-01
1.291476123160174017e-01
4.520426179650721132e-01
-5.586689721627699501e-02
6.776547611688897854e-01
2.843603640818266956e-02
5.661377103612064143e-01
8.669255755664359575e-02
4.258236915608826223e-01
1.664124292498735391e-01
3.922554660947084604e-01
4.308086096722244518e-01
2.891433786510532178e-01
4.805719059572159946e-01
4.842875481531661030e-02
4.788439866819104718e-01
1.104466516745093857e-01
5.449418994263307559e-01
2.857929001248427636e-01
4.103520803534725925e-01
2.262590565045443924e-01
5.475168329609891860e-01
3.177531747766165759e-01
3.452465426796728076e-01
4.991506142255517364e-01
3.766339124646916336e-01
2.868379379551896369e-01
3.134153442730510664e-01
3.071880884175589022e-01
3.111765130624041809e-01
5.804212069579688382e-01
2.831205222995085147e-01
1.718770038420587565e-01
2.663061570674622458e-01
5.455867775285394572e-02
5.320221099651141206e-01
2.894562939385846023e-02
5.432665734340939023e-01
7.879739722639389488e-02
4.564955585699547180e-01
3.803817581569517159e-02
4.125625223373566297e-01
1.311313705458844736e-01
2.241686877819998314e-01
3.915221265608979651e-01
1.851910501136330434e-01
5.746790833465711401e-01
9.527845025813966306e-02
3.181118149302072373e-01
1.053792365804230996e-01
3.355535262989074452e-01
2.610894245133443259e-01
3.406017698008825256e-01
4.081722906925734362e-01
3.967050009229612373e-01
1.049694515376525666e-01
3.359741171256031000e-01
2.495473517690308118e-01
3.705935712048725739e-01
1.616680425164669921e-01
3.673410030112629343e-01
1.118679378727313461e-01
3.932615619031905596e-01
2.042480110170911134e-01
3.214059437100640348e-01
