0.05601275994223344 0.010471602141122052 -0.01127542232588579 0.06179778360438165 0.0003419911622101965 -0.054328795536339805 0.0009211832525022976 0.01427749553651825
0.07590049231129382 -0.04790199413914588 -0.0049260452555329745 0.000357095719006717 0.03631780576152347 -0.03445601590116249 -0.04950882953712798 -0.03917483755352629
0.06002857161893648 -0.04185933934212831 0.016622842139865666 0.007274016889368455 0.06112329482608901 -0.026672343164934227 0.016584830724346043 0.000966180329959725
0.07207532673349214 -0.030099406811242884 -0.0032215263923287317 0.029438807672630074 0.05879051192672 -0.019234537691182774 -0.021505576641999584 -0.012243114894814614
0.03959717476203098 -0.02139214386562525 -0.026596869167657945 0.03666267762480231 0.04957700087642002 -0.02150473819197954 -0.03284721836016828 0.011395521577438927
-0.44892938283864864 -5.632195529786118 -5.021037018360461 13.418052848495742 3.149764199057369 4.220113740068333 -7.224499747536833 -5.846198822860164
0.05393838310386567 -0.021441935676696146 -0.019242697099854236 0.02568298219401379 0.0756946300119346 -0.06105875102791669 0.004143731774299431 0.0015821380276440158
0.0384301101955944 -0.03757230939063429 0.031204854066215412 -0.024812071855309824 0.05155435208773434 -0.014410446763395895 -0.03929698489367695 0.03165109778635709
0.10232372500686318 -0.008220291940935109 -0.00478456724662571 -0.012706573417293084 0.0729191933209504 -0.037922845472153396 -0.045143432911350555 -0.008889191934965682
0.039806487706170256 -0.04951803644488528 0.007407218173778327 0.03650517790076673 0.06142328164454795 -0.032967730266218465 -0.030791138377189213 -0.012532870705442671
0.07572343126237178 -0.03113398480629143 -0.021555185008489887 0.057736182901270666 0.07735674439873184 -0.01576227098395622 0.00047464119935538424 -0.02305294084345779
0.027496988317339176 -0.02710350985205459 -0.011549651498549708 -0.0046116777739959765 0.04648748585912068 -0.01102926631797035 0.004875868362663616 -0.03755376254503271
0.0637563803601147 -0.06253184323464582 -0.016046671226773994 -0.002764080844230358 0.03837431814949732 -0.031127044485393215 -0.007911863525043274 -0.0483768496873079
4.049432010295191 -3.8262313469851 -3.1871974665060003 7.377042480813485 0.08675689618396144 16.216660770718345 -14.5537521472843 2.2334314630142034
0.052624908608948674 -0.01898616536995426 -0.005758903641335935 0.027926437715381218 0.03472835516030937 -0.031240051664039706 -0.00833934682976733 0.0397848079424013
0.06060917354345294 -0.04909891240939562 -0.02690061216588647 0.08068111574287404 0.0618849788659444 -0.03274524951309037 -0.01967676830482659 -0.029775942247091625
0.10024468007120223 -0.02741151030889084 0.013417286947891514 0.00650174781237341 0.041888422753680224 0.0002604929103937545 0.0075666028334405045 -0.015572918164247437
0.05958374489821844 -0.02629336370102087 -0.019848748708696278 0.003519569360290492 0.030015786632080297 -0.048200528645753256 0.02151396230226306 0.04654699378328593
0.057008486989082216 -0.04392656981025863 -0.01728792967405812 -0.004417805927879204 0.04135167364182476 -0.011182267048419948 -0.01755472298959627 -0.019285022371146987
0.033302141177988534 -0.026849279960398063 0.02704958328663965 0.029586027746207916 0.01739590347570897 -0.016438034463506442 0.00044652696694287217 0.031003867628995173
-0.007322953715348558 -0.034555607023137355 -0.002834730624852887 0.037252111278711586 0.057215769800010224 -0.0377685113995409 0.01773697550814919 -0.04870318724578434
0.07453167576900191 -0.03687293463959995 -0.029544999101406212 -0.0028404165226896955 0.05135546411423534 -0.025733363142128624 -0.007931734236710973 -0.016269616813852264
0.059697879547003084 0.0054456460245276735 -0.015022969251218482 0.03893466306267455 0.012960475927881798 -0.03624039239023216 0.002398837041972657 0.0003226792061822772
0.025236619462272174 0.004624726308172029 -0.008911733622400298 0.0030373111501884077 0.064028803328537 -0.06097658932203434 -0.03518819630869242 0.017781832133172373
0.04965803620948501 -0.02521609281392015 -0.01410054649273677 0.030819876505245425 0.06006041465720786 -0.04311954134959169 0.004089218080700285 -0.0014332559547443162
0.04860935449908915 -0.022201790891716915 -0.00014413774985864124 0.012054506714191584 0.030589681794787753 0.009421079269346946 -0.04979674358439646 0.00044153539401121933
0.05880131181410355 -0.03130521352917001 0.00018586420368864667 0.03323886633284563 0.0742663622141369 -0.0661715889951596 0.014195312738217893 -0.0019817830689884946
0.04920565496694059 -0.01666226614691461 -0.008014220816196937 0.043002109421732534 0.07318991584785921 -0.017375597211954544 -0.013172324780840104 0.0017989948637593556
0.06903733394624231 -0.004427633915944817 0.022921961048444954 0.04017401581224604 0.07869385332706783 -0.0210059829253937 -0.028725507984191732 -0.0008189121843135763
0.07098845264939493 -0.026435676004735918 0.021360106106872397 0.009732460529531509 0.06327379433140541 -0.017024819763330284 0.00915830827861074 -0.019501185191584267
0.011144770282168856 -0.05386209410940579 0.011802110197000974 0.007846686155337795 0.04153074439422274 -0.0337503000426668 -0.037091609749048876 -0.0037834226813453506
0.05764465919986486 -0.0176897021304717 0.0017854668777423054 0.04836520856741766 0.0345652402732006 -0.008264125543507386 -0.05884174566376037 -0.010294503390338883
0.0482292995642423 -0.007017215720568506 0.0027842028353833315 -0.0014907359573357593 0.05989646793142997 -0.027105876704855546 -0.00029440722812771464 -0.0220602241004873
0.05215907792798616 -0.05292093058478897 -0.01005850585491846 0.0381449887576734 0.0638283016770112 -0.022797439977758367 -0.01169160093147806 -0.02178908251744778
0.0534305376481446 -0.03151912949193025 0.0031212662079854753 0.01953037214338752 0.032597666301383645 -0.026609365518190754 -0.021812095120867812 0.00790172567429749
0.05837406614244953 -0.03437841387641367 0.04055872863507542 0.03656905402217531 0.04754423066945898 -0.029483032225226604 -0.017778108437953348 -0.04362612006982562
0.07036477307662001 0.013495386237017137 -0.021635761382767495 0.0395416268380472 0.027296915252871472 -0.02049895890815863 -0.0002596130030565972 -0.01829885751562428
0.08502632390216405 -0.030584492720518375 0.009174644503330687 0.004402842980119344 0.11001028623969691 0.0017343699939975574 0.0007889572986019451 -0.023587585958780327
0.045917410367196626 -0.03738990478022407 -0.0040521835269273256 0.02588554741137173 0.04940966480348958 -0.0027408277025441526 0.009055769028437856 0.013317859235727566
0.056058892823159845 -0.02384464810032917 0.023261103161098987 0.025132833288710427 0.038303340177183634 -0.04624387692683568 -0.006243696951276834 0.00020097401585931866
0.019684793775984255 -0.058745964966999895 -0.018800562320525165 0.03343314408455615 0.03296396347602186 -0.010417472272143121 0.0003859329945050619 0.02573929950891675
0.048902050642733993 -0.025329014778723385 0.005184054518461529 0.04038071955169205 0.04004397312407825 -0.06131115387520095 -0.0024385335805890695 0.007273467270813605
0.03892376409966508 -0.03766667091448612 -0.01587762206187316 6.660007959188863e-05 0.017107566865885715 -0.030841431317771652 -0.0040887178784589275 -0.01739589073064425
0.047833400039485725 -0.018677716971406324 -0.010660029305807027 0.03530724341114719 0.050244351299626795 -0.055971382581538415 0.014816923272507962 -0.010869716347431144
0.08355669142335964 -0.04298627160011717 0.0007350981615292136 0.04023387292988852 0.07317874665003761 -0.00853386464623426 -0.02911746173750885 0.0021020121293342537
0.10332908195370263 -0.006613963563124034 0.0033027756750335247 0.02598420198804645 0.01018393516660323 -0.03338391358195317 0.023717493375849746 0.0015822805937926593
0.06934387879407286 0.017278084402123268 -0.032201801049066406 0.01911179418746866 0.05402579525191119 -0.037066796161449006 -0.04259002192827885 -0.051279875750663236
0.07461051054996337 -0.03064410473559095 -0.00913440746546248 0.04697387230467233 0.028845897500470945 -0.025229373265275093 -0.009347974482144443 0.022756999011066627
0.039017953691652334 -0.04004111325620348 -0.004446928450975627 -0.0012707516134636554 0.055601782960004606 -0.03616372707527972 0.01039752480159989 -0.011582474072429428
0.04606411758810371 0.001574772527803029 0.019124665542478415 0.00974067265132593 0.06737909153511033 -0.029711923394421493 0.0025480615705201545 -0.03301626157389451
0.06519279342775439 -0.02323352881489267 0.005051674444321103 -0.01508242614915423 0.08956106412217471 0.008079847388045312 -0.027187706327443155 0.0038753837078501358
0.08658060662507265 -0.020857341323921627 0.00641482806355192 0.03540824953773973 0.05866577878397688 -0.021050856272212384 -0.029673160643557468 -0.006086466194731626
0.060172601722023725 -0.05757190688697386 0.0034353787501072205 0.041156674832987634 0.05988582593406335 0.004299919881897041 0.02501183369648307 0.006715630765569308
0.03391741954792882 -0.014172875996324398 -0.019963172578007827 0.03223826494585951 0.0853957184198881 -0.03430556573886994 0.006929114559598696 -0.010001261900057047
0.04870839288985653 -0.014500840740476653 -0.011050283602622326 0.028901826345427047 0.08092258209769768 -0.029007320578589298 -0.007392514152890028 -0.015224162836633547
0.04749183510412879 0.0007508852466275202 -0.03470823485148816 0.04939620070037522 0.05296852834930079 0.006819034063350195 0.003851221442906087 -0.013632383310330037
0.052593091166577295 -0.033274104174140465 -0.0012021671848894914 0.016284652229575418 0.04072944841851511 -0.026025249134051725 -0.04347074456062229 -0.010607010479271038
0.02797496749079656 -0.030286084489769736 -0.003924417907962497 0.03254831928455996 0.060102537770869754 -0.030218798277789595 0.028952890530039896 -0.010155668701364908
0.04556554096995807 -0.050049599998912814 0.008013945687741294 0.018637146408122834 0.03515212350068272 -0.04738435909633705 0.020338276301327632 -0.016057031202414418
0.029128546408787977 0.01166568699143378 -0.028970171959677285 0.013396689674250834 0.07978326094744395 -0.03767917500496997 -0.007440325583793489 0.010204804193086931
0.06602912537476335 -0.03887396989454253 -0.004434002612502155 0.03605809607162841 0.023379170125365546 -0.034368377851474056 -0.007355088389314449 0.0358213269559888
0.06091558446584465 -0.03847856426416699 -0.02956493662453681 0.04845408963223513 0.022176203915797926 -0.036287341268037974 -0.007290494362995201 -0.034845150596857215
0.07248740716635288 0.010547996448078075 0.005385237845759306 0.02116783921527955 0.06651981141668728 -0.041003161670985507 -0.03584848692013202 -0.015965208359448025
0.041539929948479534 -0.03193481747829052 -0.04022078674710921 0.03665543475838848 0.049465915712206404 -0.02195554697378853 -0.026140193429876335 -0.03572598750532244
0.03512963995644165 -0.04065157817634228 0.023422642675843416 0.02873601994611069 0.05087275506445762 -0.027609784573088752 -0.0013668418764120945 -0.009145313342993837
0.04977227433078655 0.00649551801845958 -0.0028092278724875146 0.03922496205541576 0.06728966927674056 0.013826217341369136 0.009769220253048593 0.01901218751125601
0.0805957485006959 -0.028871709859870198 -0.00019890900364747874 0.014313040816249116 0.03852637858360631 -0.06314803997569737 -0.019095486216341037 -0.012271202770149188
0.0722796825104751 -0.030540969438096283 0.01061616259566677 -0.02538833522389596 0.049104617083203635 -0.05873950843539831 -0.009651943999038645 -0.025150623244313018
0.04974232800347989 0.023396829733464197 0.005415602047159495 0.03139675842585335 0.03870206744267381 -0.008698341196483942 0.033303105764826146 -0.03446539124249893
0.03402273756144075 -0.03051013539294577 -0.044414068658335255 0.03417980560982927 0.060074226472805276 -0.03542353326199304 0.003991730774311808 -0.022469892567646373
0.09886199816588292 -0.014684624358222223 0.010012226629854135 0.061556790502402606 -0.018550157080928317 -0.03764279255935153 0.009673778066004614 -0.038604359883783974
3.152558771179994 1.5627238623499462 5.641621143132776 -5.410999868616031 10.85069691336326 -3.1039094231144926 -1.434296526335194 9.778941247005507
0.048217146083200615 -0.03578537115156902 -0.0547205974811033 0.0408954906301963 0.07505665124742632 -0.01539924890817513 0.0023173250883177857 -0.021481946520552093
0.05596201379983602 -0.00796424702390952 0.0026322049462444604 0.015683498908577415 0.02551860121935367 -0.005758787825688533 -0.014138979516245952 -0.0028958836231268116
0.059356272745494834 -0.006690051409846512 -0.015640853519842176 0.032663609747652665 0.026284551463265537 -0.08863709330646677 -0.01770488999904261 0.006961599167686216
0.05774875445941407 -0.0044266464484910735 -0.03266062383627514 0.011987491022574353 0.04384765101396396 -0.07612124789204996 -0.023117154537711425 -0.004164593396585442
0.03768517628240479 -0.036288172963835845 -0.01965078575096291 0.016084587569933608 0.011356743929007498 -0.01576810378459189 -0.023805962147227834 -0.05095820762125953
0.05673046351313928 -0.03861700890529418 0.010687931596992354 0.008023079519176256 0.010471640906648733 -0.06997424172622238 0.004460662273599796 -0.0574338417898515
0.0900161674422491 -0.021374955246211687 -0.009381289174444071 0.03177578971388646 0.032740924776278844 -0.071847177679001 -0.0430284812115317 -0.020494436863564596
0.05690515757062372 -0.02436037252344909 -0.0035145628827731694 -0.010890815740318981 0.06713712892766872 -0.03751073489415743 0.010658967962491944 -0.02836837595675855
0.06325448556949341 -0.011263923414753393 -0.0010634475403281263 0.026973217026417272 0.05756932452786947 -0.018058455750429615 0.01921530436509261 -0.02086154197738163
0.07894474692564327 -0.013702997868383852 -0.03094406752970682 0.04145310981718178 0.07755924013792385 -0.030351170019449814 -0.023652509440112136 0.02019338891739335
0.04615395470934375 -0.04369841038108073 -0.045618321003480816 0.027925055673318037 0.08442414205394189 -0.06793447475508843 0.0058996822571792135 -0.015775264737512413
0.05030079147253603 -0.0128113661476328 0.007252012544220763 0.016999848455283476 0.058713953385648096 -0.049071915587531025 0.0016929658091204888 -0.022906207527874367
0.043781948975747886 -0.010810440691195721 -0.020479111829658288 0.0675845683488989 0.06263221351800691 -0.029440648885571064 -0.023354714880327525 -0.011732185403713057
0.04971687288483446 -0.009572497057479755 0.0026189606806428806 -0.03253694971999349 0.06238287645705973 -0.023134601302350198 -0.00017391600076406728 -0.03902957631886499
0.07276268079841518 -0.02567889340646564 -0.020469982063759835 0.035510141187285606 0.06518275147414515 0.0005067111636425474 0.011220738087959809 0.01788537969323506
0.037124388764705835 -0.03323367920236772 -0.022160979498916662 0.008305395188539233 0.046570240046038915 -0.050962672058764855 0.03582750487164442 0.001248731419431725
0.05761498463278727 0.0190338486418888 0.0023191119840027773 0.03774088375052154 0.027510057410416372 -0.05290127945750828 -0.021706021532137756 -0.020843803135581748
-6.518679497665461 -8.20088635552476 -15.200218503466253 10.451828355526972 32.080303533223166 1.1254121766895107 4.251514846418611 -9.815292768189193
0.09686460777045443 -0.032992736631662696 -0.0007299431226285083 0.008227358998676802 0.013609935270735188 -0.024351631867306375 -0.014816707829825882 -0.013204333143595492
0.029529396565626167 -0.03633190172067054 -0.03290612980109695 0.014769073870948057 0.023294738612436926 -0.03843840708078687 -0.02416615304345056 0.02593252003550639
0.04366458985012296 0.06341404873838949 -0.044246711238612534 0.01862112676914378 0.03611154106541749 0.00876923908919517 -0.04441673039901311 -0.006497795379193098
0.019102761392906537 -0.04832166348668407 0.007185739408065163 0.014300981407067141 0.044296010407327904 -0.03942797638193106 0.020053556310495532 -0.016968201461680963
0.054202090675514944 -0.003929907364989223 -0.021281034727280997 0.015056173667950583 0.0856833055480033 -0.022601732321717156 0.00613528931134341 0.011668504817715955
0.04791580177413396 -0.02790837609253146 0.005567635239158921 0.00563330690387422 0.014282629146774119 -0.016019056790552752 -0.023786367909420073 0.0032988579198136563
0.01343697965432196 0.008264842089566623 0.00728015690485038 0.03299929665602103 0.08623888905895766 -0.04923973630370454 -0.005517370960862924 -0.02144039469451257
0.0931692653360994 -0.015444873317168008 -0.027748671087485466 -0.0027183161512094774 0.056135233731650365 -0.05466798355097224 -0.04447005190340581 -0.01185707978396883
0.027274336496739514 -0.042407833714186535 -0.014281430490709186 0.005288620332633729 0.04555899219228113 -0.05030853993034351 0.02035377734937814 -0.01774327829555378
0.05870384955059993 -0.03189218375295081 -0.01286807147562661 0.013988372726497802 0.026241081351864533 -0.01809531183248713 -0.017516132641217274 0.004541547896009241
