-2.421635905450676418e-01 -8.152618151839874372e-02 -4.598960997781365023e-01 -4.598960997781365023e-01 -9.288205628534473846e-01 -5.341475588282760256e-01 -5.229372913082581675e-01 -7.138085820200013032e-01 -9.209257091533853412e-01 -7.225261490186141167e-01 0.000000000000000000e+00
-2.686411951570380374e+00 -3.498921421122438424e+00 -3.572678444579020507e+00 -3.572678444579020507e+00 -3.446163393529721120e+00 -3.518025579603526687e+00 -3.336990832976923116e+00 -3.646792663834903969e+00 -3.239044060977353645e+00 -1.854857483016814523e+00 1.000000000000000000e+00
1.629112056558070787e+00 1.891070153890093808e+00 4.216848308711601767e+00 4.216848308711601767e+00 5.993340871056156871e+00 5.344071362615085974e+00 5.689378598094955386e+00 5.873572546888213175e+00 6.744294830365831217e+00 7.831566211287873003e+00 0.000000000000000000e+00
2.700311895147196051e-01 5.239496795095743842e-01 7.752174079936478002e-01 7.752174079936478002e-01 7.868988665335074906e-01 1.045370499457980884e+00 1.386269421882083019e+00 1.079555687994846913e+00 7.011010104622439343e-01 -6.399551748009120189e-01 0.000000000000000000e+00
1.307116093938704982e-01 4.590932295609331248e-01 9.827308311630744697e-02 9.827308311630744697e-02 1.718665997556199088e-01 4.722050535545285754e-02 -7.355219637662884224e-01 1.328953481915755575e-01 1.042026361520727029e-01 1.139836257218314719e+00 1.000000000000000000e+00
1.110106151828293974e-01 3.076868962700989307e-01 3.338223642465614205e-01 3.338223642465614205e-01 1.939967178958772465e-01 3.498146838845128670e-01 3.001354442028238978e-01 5.016542838588531339e-01 4.157782335695525688e-01 -4.891555533069298356e-01 0.000000000000000000e+00
3.085721345214171851e-01 7.262305684288112850e-01 2.441758119155830187e-01 2.441758119155830187e-01 9.582121384571884448e-02 1.481107654457458622e-01 3.944326712467258744e-01 -6.324286129257687961e-01 3.012350012077424921e-02 -5.791936513574160728e-01 1.000000000000000000e+00
2.851107062732971542e-02 2.050421063628093954e-01 -4.839277598314692952e-01 -4.839277598314692952e-01 -1.761480219884319354e-01 -8.054148451654059571e-01 -6.517074842340964125e-01 -1.384715750686659419e+00 -7.198535689966290008e-02 -7.226758347640420688e-01 1.000000000000000000e+00
-6.056180541313116450e-02 -2.596125174749874809e-01 -1.153615470084980998e-01 -1.153615470084980998e-01 4.178220653831754561e-02 -1.873800099593978530e-01 6.860303082055274615e-02 7.573971140401525304e-02 5.418608373788442734e-01 9.726329190696625382e-01 1.000000000000000000e+00
1.068863314053905000e-01 4.651413881225052727e-01 8.753023262459080911e-03 8.753023262459080911e-03 1.489991079909591676e-01 1.458713493329346633e-01 -2.720334659782430720e-02 -5.005139286302906498e-02 -3.294036396053829918e-01 -6.118605270573320709e-01 1.000000000000000000e+00
1.381278756229720184e-01 3.539373570979318373e-01 3.466302567231460685e-02 3.466302567231460685e-02 -2.004189510908824801e-01 9.936858541324156135e-02 -5.737796456826416147e-02 -1.158021613058695110e-01 -3.772788974196319423e-01 1.387366632985989057e-01 0.000000000000000000e+00
6.404064157930910994e-02 2.860241533286989046e-01 -2.914490300872287776e-01 -2.914490300872287776e-01 -2.627784343101078335e-01 -4.625940102298349288e-01 -5.912391626129389621e-01 -6.858847328748627348e-01 -6.011089298284391091e-01 8.335560353732640593e-02 0.000000000000000000e+00
-3.612834416685490879e-01 -5.084154983319644217e-01 -7.356620354848386611e-01 -7.356620354848386611e-01 -5.620917024415996721e-01 -7.230112905272898516e-01 -8.720921549831164299e-01 -7.596241825775074119e-01 -1.070798928103526393e+00 -2.037014119710902182e+00 1.000000000000000000e+00
1.855016450147235485e-01 4.005374382599922178e-01 1.532628557325041996e-01 1.532628557325041996e-01 2.644074473337951758e-01 7.244400622393243339e-02 -1.075749367613543228e-02 1.948178601857675218e-01 9.950351246916389059e-02 -1.294908386670979628e+00 0.000000000000000000e+00
7.500788087064647058e-02 2.593729509057451921e-02 -1.522046030451207344e-01 -1.522046030451207344e-01 -2.343087559382288632e-01 -1.562791869621751317e-01 -1.699767461146173275e-01 -3.947066951052873307e-01 -6.772743667177518745e-01 -2.561352203735978161e+00 0.000000000000000000e+00
1.256776384512960920e-01 3.344709899945548237e-01 1.227389465466988128e-02 1.227389465466988128e-02 -2.221198114897218190e-01 7.538532981607204420e-02 -8.176634683815997562e-02 -1.420225543055693151e-01 -4.063987753178697204e-01 -2.448241166118151124e+00 1.000000000000000000e+00
1.587467697962844149e+00 2.424622755949250141e+00 3.452802580509342523e+00 3.452802580509342523e+00 4.763119958196046611e+00 4.105019028055467700e+00 4.443505858353621107e+00 4.296060018692996252e+00 4.608479399493212725e+00 4.216024553161425104e+00 1.000000000000000000e+00
-9.363492766125114386e-02 1.315909842951379360e-02 -4.558806101245185260e-01 -4.558806101245185260e-01 4.258960658697534818e-01 -4.980801603509377173e-01 -6.013360764041424389e-01 -8.258709074027619224e-01 2.833264710789231700e-01 7.409580623988656356e-01 1.000000000000000000e+00
1.727700287858544570e-01 4.750083385541232772e-01 2.644779596716855252e-01 2.644779596716855252e-01 -8.256245232502124054e-03 3.101851230427543626e-01 1.441564167255080520e-01 2.450015963081115800e-01 -4.582025217474487988e-01 -4.636210862443146397e-03 0.000000000000000000e+00
6.154348404883898116e-01 7.087551746275693176e-01 1.666902324281924308e+00 1.666902324281924308e+00 2.822016792253337236e+00 2.246327031707863409e+00 2.087905620208728052e+00 2.271257707866231712e+00 3.146587171417240647e+00 2.528035675360695400e+00 1.000000000000000000e+00
2.543752121120093079e-01 -1.100734465111075977e+00 -1.295321214515934294e+00 -1.295321214515934294e+00 -4.670250177702461869e-01 -1.242650021753194167e+00 -5.887755000450072274e-01 -1.425058880548829343e+00 -7.453124510254127699e-01 -1.558854643750604563e+00 1.000000000000000000e+00
6.265327139682597135e-02 3.629019197066134517e-01 5.541638546774905194e-01 5.541638546774905194e-01 -4.630467775714706136e-01 4.955456525721029237e-01 1.476829655695675036e+00 8.598993645479868775e-01 -4.294814639128583522e-01 5.865162354330273331e-01 1.000000000000000000e+00
1.880110441601088755e+00 -1.271888124035656098e+00 -1.695348159635217122e+00 -1.695348159635217122e+00 -1.723952620819253490e+00 -1.772361025516791422e+00 -2.045845918308181410e+00 -1.893162698251543929e+00 -2.134314852638422799e+00 -4.150149397917065386e+00 1.000000000000000000e+00
-9.324391448242597136e-03 4.241639161872954311e-01 1.426781823000267124e-01 1.426781823000267124e-01 -1.771242995013011523e-02 -1.429564091446167140e-02 3.312746718073213970e-01 2.436040097242644364e-01 -3.006983585166054240e-01 -2.666216217784329601e-01 0.000000000000000000e+00
8.759102949079267120e-02 -1.178822442206364229e-01 3.591390409475061496e-01 3.591390409475061496e-01 1.011941810241666850e+00 6.496174635585338919e-01 1.521459573151204836e-01 7.106037521839811966e-01 1.274437506827160504e+00 3.967195195666941565e-01 1.000000000000000000e+00
7.830032537550168925e-02 9.463949552378148056e-02 4.931594189782408932e-01 4.931594189782408932e-01 1.330654674174764907e-01 7.785961523456372824e-01 6.932755228379612333e-01 9.244365167198078659e-01 4.068562214754618545e-01 5.395316880269707127e-02 0.000000000000000000e+00
-2.537558293255429476e+00 -3.555541213728830030e+00 -3.585446314034193449e+00 -3.585446314034193449e+00 -3.305179073229220776e+00 -3.531390610797884300e+00 -3.859698636615910061e+00 -3.736008672529018249e+00 -3.412284827765043715e+00 -3.232792274818617084e+00 1.000000000000000000e+00
1.775777654899917124e-01 2.854025187374307215e-01 4.176436961782434842e-01 4.176436961782434842e-01 2.911368062524406497e-01 6.605173349483068890e-01 1.722572203729590967e-01 6.322762374125354690e-01 2.426505711808792931e-01 -4.321410038272066600e-02 0.000000000000000000e+00
3.061094514129480970e-02 1.660230699544649191e-01 3.384812706637885249e-01 3.384812706637885249e-01 -1.347185831298887138e-01 4.436380251289584464e-01 2.784426211954915686e-01 5.493905149652875686e-01 4.954206643360059559e-02 -6.124568309857036930e-01 0.000000000000000000e+00
-1.366304464054062251e-01 -3.961024646365309820e-01 -4.665243173659590070e-01 -4.665243173659590070e-01 -2.986008228300152112e-01 -4.493275892075860867e-01 -7.846851054369521350e-01 -6.404044790437799506e-01 -3.600524615967191089e-01 -1.022033693367307983e-01 0.000000000000000000e+00
2.120572585741717919e-01 2.547030092302371429e-01 7.857097225857763156e-01 7.857097225857763156e-01 9.701356271031857936e-01 1.213633866461738542e+00 1.018366313219262409e+00 1.200109237049330702e+00 1.110552969818862756e+00 5.024296968232193628e-01 0.000000000000000000e+00
-6.194312879866581412e-02 -5.143199270947551582e-02 -1.902685415875211561e-01 -1.902685415875211561e-01 -3.981396604687015284e-01 -2.192469185266041620e-01 -3.681689502621647847e-01 -8.810509055849191640e-02 -2.847121118362103687e-01 -1.790142947912905402e+00 1.000000000000000000e+00
1.753807662535513678e-01 4.757129762221041780e-01 2.222830070979440187e-01 2.222830070979440187e-01 4.332637922034203726e-01 3.580777119436291400e-01 5.742550346319772459e-01 2.896212748001136816e-02 5.387125701376924702e-01 6.200799068513997980e-01 0.000000000000000000e+00
-6.857404839333991475e-02 -2.730646323590715241e-01 -1.213203566262075483e-01 -1.213203566262075483e-01 4.949323253137372092e-02 -1.845039791942744145e-01 7.002082608538273689e-02 -5.006301398795098834e-02 5.154593324827239087e-01 9.266455977070910954e-01 0.000000000000000000e+00
9.828210878766840963e-02 3.916811415159848764e-02 -1.923433624188559676e-01 -1.923433624188559676e-01 -1.832628873975163941e-01 -3.308547544124191830e-01 -1.445379745362389556e-01 -3.666987119927815897e-01 -8.090161730515683658e-01 1.813458499633844978e+00 1.000000000000000000e+00
3.222756712249852384e-02 4.073320096434107640e-02 -3.464784907781490730e-01 -3.464784907781490730e-01 2.578081092925943452e-01 -4.728069691964167376e-01 -5.160197069506828882e-01 -5.027503161091191330e-01 1.749101450883068232e-01 -5.193022643088607282e-01 0.000000000000000000e+00
3.734852971918494191e-01 7.240469915914871102e-01 8.296313417721128403e-01 8.296313417721128403e-01 8.407736005351011954e-01 1.074919847994362687e+00 1.370376772014264777e+00 1.062169982009211200e+00 8.852882801049721806e-01 -2.530670419095422563e+00 1.000000000000000000e+00
-5.191933385677582891e-03 1.265912455497599787e-01 -3.277185919648282209e-01 -3.277185919648282209e-01 -5.485771469302296310e-01 -5.268780259516470110e-01 -3.092372871944792934e-01 -4.447620670955281241e-01 -6.977023106994018065e-01 -1.819748035769279682e-01 1.000000000000000000e+00
2.681925945647201104e-03 3.985898851539904086e-02 -7.930038472017830742e-02 -7.930038472017830742e-02 -7.907804530177653390e-02 -6.595406499093048325e-02 1.071684134344916828e-01 -1.794159762312004247e-01 1.795116626866590792e-01 1.651581393042631518e+00 0.000000000000000000e+00
5.659798744345367894e-02 -7.691004253307864857e-02 -1.083040342138019696e-04 -1.083040342138019696e-04 6.705599790878866706e-01 1.305929407320771674e-01 -1.048822237571056526e+00 2.192453882347686900e-01 8.023130457340608146e-01 -1.072448574187040204e+00 1.000000000000000000e+00
-7.543818106340438590e-02 -3.759253689642649832e-02 -2.051702084872690790e-01 -2.051702084872690790e-01 -6.078312770051637060e-01 -3.042248994989593669e-01 -3.941808312017549554e-01 -3.346875380385210264e-01 -4.020500395813151329e-01 1.063869783801363766e+00 0.000000000000000000e+00
7.240795385557685648e-02 2.132097641179027114e-01 1.968594239201304497e-01 1.968594239201304497e-01 -5.996860258285074963e-02 1.923474506643998438e-01 -1.822104929164014564e-01 4.634318647653601353e-01 1.984272403711333510e-01 9.923706944052717027e-01 0.000000000000000000e+00
3.095730868723503004e-01 6.271457794476629211e-01 5.046021883632643146e-01 5.046021883632643146e-01 3.658272369875286145e-01 4.517379753453436564e-01 6.374532325115174203e-01 6.169768729267377516e-01 1.229576400213856502e-01 7.943372207237286986e-02 0.000000000000000000e+00
1.249804947316894843e-01 4.902886767229048814e-01 3.037429949244594418e-01 3.037429949244594418e-01 -1.337632157540120659e-01 2.417301177141881752e-01 1.690236568397773809e-01 4.138705065999799260e-01 -2.688072340076317346e-01 1.158019345734744077e+00 0.000000000000000000e+00
-6.428549579646287704e-01 -1.315605745142680583e+00 -7.157448957876537676e-01 -7.157448957876537676e-01 -9.825060483497081165e-01 -6.118900949837886571e-01 -4.829887934512786529e-01 -3.108012184880806217e-01 -1.416777379182980745e-01 2.027015312514257595e+00 1.000000000000000000e+00
8.842944986585443701e-03 -4.165172626467184003e-02 2.229372202173069972e-01 2.229372202173069972e-01 2.584388696724371215e-01 5.505230978798731911e-01 2.736529861909460237e-01 4.513966124863006968e-01 5.216492488054127463e-01 -4.738199718016838702e+00 1.000000000000000000e+00
-5.996992565483649784e-02 -1.496524630958484536e-02 1.360614159482032015e-01 1.360614159482032015e-01 -1.563420822391261567e-01 1.049344184744445130e-01 7.440792600515333532e-02 3.852823665551543542e-01 1.898050376619986324e-02 -2.048745718775424329e-01 0.000000000000000000e+00
1.449757656108474624e-01 1.185851238566049126e-01 2.701807851886495193e-01 2.701807851886495193e-01 7.692375441005046000e-01 3.631294038507872912e-01 4.758019065947722837e-01 2.770198237061904933e-01 6.848670720924578958e-01 3.007029330410393442e-01 1.000000000000000000e+00
-2.236709608541826988e-01 -2.930730186363463829e-01 -1.154215972869722329e+00 -1.154215972869722329e+00 -6.829411082159806412e-01 -5.463609879169508687e-01 -6.111966696761843565e-01 -3.890231996629189837e-01 -1.996250702639832397e-01 -2.677184800773013684e-01 1.000000000000000000e+00
1.574942525804673643e+00 2.492171257101800652e+00 3.426243691655817880e+00 3.426243691655817880e+00 4.737194178145409218e+00 4.076491579873934512e+00 4.415540635031040217e+00 4.271295421524384572e+00 4.581945004348006556e+00 4.126007642145001597e+00 0.000000000000000000e+00
-3.295561706928618051e-02 9.317001386759393711e-03 -3.082988287258121574e-01 -3.082988287258121574e-01 -1.522403189956742509e-01 -4.555949478533163344e-01 -5.314155214524554083e-01 -4.310575501176057145e-01 -3.347149693819071459e-01 1.176340208145723487e+00 0.000000000000000000e+00
5.929522390351760208e-02 2.705230294008780234e-01 -3.360154756038626900e-01 -3.360154756038626900e-01 -2.025817189871981228e-01 -5.017940070424122823e-01 -7.047775958612731984e-01 -7.559709650176165141e-01 -8.170517117862505785e-01 2.616305503590776738e-02 1.000000000000000000e+00
-1.303519835273858618e-02 1.643021746093853430e-01 -2.138797589046799175e-01 -2.138797589046799175e-01 3.364865073143379348e-01 -2.938821738501093961e-01 -4.136713420887812021e-01 -3.415816957463277959e-01 4.545431461103612847e-01 -1.129912408174740257e-01 1.000000000000000000e+00
-2.309895070579304210e-01 -4.026753316442386321e-01 -8.178306994770618843e-01 -8.178306994770618843e-01 -1.143262642151768205e+00 -9.761581622338297848e-01 -1.165062361310985395e+00 -1.336351329535486521e+00 -1.676724978815063771e+00 1.734387337796888362e+00 1.000000000000000000e+00
2.756163783316711857e-02 1.282859579875736955e-01 1.736387537524564095e-02 1.736387537524564095e-02 1.352400585318651594e-01 6.677248369614385837e-02 3.199938261340760093e-01 -2.879657504967614301e-02 1.387432946273827739e-01 5.689144583716907455e-01 0.000000000000000000e+00
-8.761738522525330808e-02 -1.912382037869386764e-01 -2.863352689425555653e-01 -2.863352689425555653e-01 8.693297232993479895e-02 -3.057102179708479639e-01 -3.534080967386383776e-01 -1.670067183663368482e-01 8.204606382575230228e-02 -6.423553075775911836e-02 1.000000000000000000e+00
2.599447083709538475e-02 -1.091437585585603998e-01 -1.520177632948120916e-01 -1.520177632948120916e-01 1.600332030471021127e-01 -1.806018310686248185e-01 4.815686103647465188e-04 -3.132984224902202186e-01 -1.888551506547955228e-01 -1.154743947149201144e+00 0.000000000000000000e+00
1.231298965328089245e-01 4.962645318805485317e-01 -5.035359791250204609e-02 -5.035359791250204609e-02 -5.581966901346078203e-01 -2.287395424380314068e-01 -2.063088493812568203e-01 -2.134657968019979535e-01 -7.495619950291878553e-01 -1.864312095572651096e-01 0.000000000000000000e+00
5.812311426996208397e-02 4.306855049210742692e-01 4.644157615379143067e-01 4.644157615379143067e-01 -8.164338760749068058e-01 -2.016041026422334959e+00 2.460666094216801270e-01 6.163845815305672993e-01 -5.242667651741914625e-01 6.071690773348024095e-01 1.000000000000000000e+00
2.106936310357667708e-01 4.595718070166374680e-01 5.766810270702680263e-01 5.766810270702680263e-01 1.049045375789281476e+00 9.874594882103258087e-01 1.009318709750012921e+00 6.930363374924741748e-01 9.093760951820524241e-01 1.475215280782667948e+00 0.000000000000000000e+00
-1.071230410968899704e-01 -1.481111053319144055e-01 -2.579134420208335499e-01 -2.579134420208335499e-01 -4.351208046536809704e-01 -1.564268851771730695e-01 -5.150756608841486894e-01 -3.825991195181490667e-01 -5.122922381473271614e-01 -5.398300313941547302e+00 1.000000000000000000e+00
1.452151250205713229e-01 1.276416148614218926e-01 3.647754774483575879e-01 3.647754774483575879e-01 7.425806252209530278e-01 4.648619557461008966e-01 4.355277812000988291e-01 5.826718543391447014e-01 7.200355403236176066e-01 7.751221546560653763e-01 0.000000000000000000e+00
-4.563055080154354570e-02 -2.549858982148768938e+00 -2.715184904803145116e-01 -2.715184904803145116e-01 -5.718153028895134327e-02 -2.809917180425598460e-01 -4.207403084179901498e-01 -4.105009241822976662e-01 -1.510146670702066096e-01 -1.932964153358486481e+00 1.000000000000000000e+00
-1.436457862022288978e-01 -2.090396480065592755e-01 -3.443939441088614828e-01 -3.443939441088614828e-01 -6.720616074169880605e-01 -4.704186934743184167e-01 -4.725376960783309599e-01 -5.377031355069847862e-01 -6.432055901784243801e-01 -7.465464975752080790e-01 0.000000000000000000e+00
9.068883263094829061e-02 1.871210497272519646e-01 5.435291567341509200e-01 5.435291567341509200e-01 6.410116628421445029e-01 7.982058378331142734e-01 8.562535247636375857e-01 8.799642473236075624e-01 8.878437224106812131e-01 1.853333083832136019e-01 0.000000000000000000e+00
-1.395180112488381141e-01 -3.614327440000164593e-01 5.475862856208584262e-01 5.475862856208584262e-01 8.517178009647654591e-01 1.000298152934548490e+00 9.997351152872804292e-01 1.004294877729376090e+00 1.098438257317869038e+00 1.739909347912076854e+00 0.000000000000000000e+00
1.380710252130394888e-01 1.453573915980990172e-01 1.274960158654891984e-02 1.274960158654891984e-02 1.603441410302988146e-01 1.349775489899247560e-01 -6.825128740578190190e-02 -1.190190304293281542e-01 -2.515317463346549154e-01 2.832796817677372125e-01 0.000000000000000000e+00
-8.635961023176408347e-02 -2.152966869513037729e-01 -2.614432356936946533e-02 -2.614432356936946533e-02 2.742402709296172247e-01 6.487890015954000944e-02 -5.538356720482084938e-03 2.126445447356486440e-01 3.286836823971408528e-01 3.062636461692136436e-02 0.000000000000000000e+00
8.458497452570812314e-02 3.913877573738400173e-01 1.418514952569016607e-01 1.418514952569016607e-01 -1.684340826798340629e-01 1.106265357605131783e-01 6.276181219813548040e-02 1.625135616400816829e-01 -3.220530241953118988e-01 5.242908853554286708e-01 0.000000000000000000e+00
1.149281875849794687e-01 -4.179498215102661618e-02 1.792022810323810056e-01 1.792022810323810056e-01 2.754750836820485382e-01 2.320515622575207715e-01 4.578026181601808631e-01 3.651673906037604667e-01 1.971986615226044570e-01 -3.440167417416382101e-01 0.000000000000000000e+00
-4.975379344437058649e-02 -3.235928823712530544e-02 -1.683691627813743708e-01 -1.683691627813743708e-01 -3.769211606144242666e-01 -1.957972558608407354e-01 -3.443241465147899305e-01 -6.247393371574183618e-02 -2.562580826873301909e-01 2.389014242818410239e-02 0.000000000000000000e+00
1.922653491424952676e-02 1.533816678164150460e-01 -1.126679003317274663e-01 -1.126679003317274663e-01 -3.589392052063189453e-02 -1.779641388010793079e-01 2.003517704390969101e-01 -3.535955600043294567e-01 -4.770861081841308859e-01 1.745750305112606426e+00 1.000000000000000000e+00
-9.541052764026147770e-02 -2.204200709111052703e-01 2.280598774229236625e-02 2.280598774229236625e-02 -1.772685566300955529e-01 2.442742897057819107e-01 5.266953836181897941e-02 1.879692818780647201e-01 5.653498632129938528e-05 -2.804082873604589743e-01 1.000000000000000000e+00
-4.262707247691843726e-01 -4.499546292929168523e-01 -6.575981199818761169e-01 -6.575981199818761169e-01 -8.332416474713078003e-01 -7.696757038256629713e-01 -8.784100771942453534e-01 -7.135332228469524196e-01 -1.195386275106651297e+00 -6.219357751680418822e-01 1.000000000000000000e+00
-2.412889866069249933e-01 -3.693178946053270018e+00 -3.633786343339675540e-01 -3.633786343339675540e-01 -4.362394283006203466e-01 -5.590284899028894472e-01 -6.035167741664126950e-01 -3.088648364481496600e-01 3.589115673081799684e-02 -1.124574830034141826e-02 1.000000000000000000e+00
-1.003309429472087899e-02 -5.248356005245424782e-02 -1.942619456476801787e-01 -1.942619456476801787e-01 2.181443698636975626e-02 -1.918271274411775806e-01 -3.289749057489137485e-01 -3.096780227877573566e-01 -3.003978493493031365e-02 -1.529413088284945044e+00 0.000000000000000000e+00
4.817071914804404997e-03 7.415113149517349456e-02 -1.238894797288638827e-01 -1.238894797288638827e-01 -7.294352430147981181e-01 -2.486912748577712051e-01 -4.632101685324050422e-01 -1.151410242692980646e-01 -9.544212692933431441e-01 -9.076328509808146983e-01 1.000000000000000000e+00
2.111514759454913293e-01 2.571083582032178683e-01 7.968395743684713040e-01 7.968395743684713040e-01 9.444238159488751450e-01 1.222421577368664636e+00 1.054599034077932984e+00 1.218535563482413320e+00 1.171350864082361998e+00 5.169733538018630448e-01 1.000000000000000000e+00
2.575480401336132097e-01 4.332132017043743843e-01 5.578831314797714214e-01 5.578831314797714214e-01 4.115281706282618579e-01 7.948661822544229594e-01 3.088815245918263841e-01 7.842491395617861016e-01 3.914592039391893152e-01 1.060670987044183278e-01 1.000000000000000000e+00
2.010068641849360738e-01 4.042206607428551202e-01 2.085442873021969845e-01 2.085442873021969845e-01 4.108707540947333925e-01 2.442539791500273338e-01 6.448263498918533898e-01 8.074450080650663608e-03 -1.738222589263482831e-02 -5.684475073685777424e-01 0.000000000000000000e+00
-2.645939242946839798e-01 -1.554159515549091708e-02 -1.260582753390400157e-01 -1.260582753390400157e-01 -8.592074413086514539e-03 -1.954813768682202024e-01 2.361111552071442077e-01 -1.998872362396042490e-02 3.232462141980319004e-02 1.612116199463284660e+00 0.000000000000000000e+00
5.076238493117068984e-02 4.162782117494434608e-01 8.678452652666246436e-02 8.678452652666246436e-02 -6.736408161854212651e-01 -1.417555863184754017e-01 -6.732953505740635336e-02 7.727488448893815587e-02 -9.457925952109231815e-01 -6.791720682157098565e-02 1.000000000000000000e+00
-4.550164719419136361e-02 -2.196316992841698124e-01 3.589054231532742278e-01 3.589054231532742278e-01 7.690557594870748304e-01 5.275044895505480724e-01 7.378027346267677089e-01 8.292216979277267086e-01 9.275317203868271854e-01 1.773940299734708681e-01 1.000000000000000000e+00
2.860835016111669127e-01 6.815108309519293250e-01 3.008798951888866924e-01 3.008798951888866924e-01 1.412499930998691866e-01 2.561198165569971152e-01 4.702023277428821757e-01 4.331118192800431643e-02 -1.928465496571316606e-01 -8.523584557652257310e-01 0.000000000000000000e+00
1.731551333096226220e-01 4.177816955646251884e-01 1.693605577037882171e-02 1.693605577037882171e-02 4.139147643288652034e-01 3.878767525384851922e-03 4.322359160615460993e-01 -2.585282397991806036e-01 2.194766879020866313e-01 -1.550249061326995470e+00 1.000000000000000000e+00
7.192398367358654454e-02 1.482084724831889133e-02 -1.853604277837073155e-01 -1.853604277837073155e-01 -1.849709358546691718e-01 -1.848076009642634077e-01 -2.548685146887059716e-01 -4.474346801236652738e-01 -8.435862575905490601e-01 -2.604547433495623121e+00 1.000000000000000000e+00
1.292407244391997612e-01 3.410152448639003353e-01 2.212665092267700473e-01 2.212665092267700473e-01 2.063025009661245690e-01 1.929492327082940051e-01 1.975787708192644487e-02 3.096932353576526964e-01 -1.175457023241599508e-01 -8.213789836490690277e-01 0.000000000000000000e+00
5.884509811210238972e-01 1.094471708666017395e+00 1.316117455775083656e+00 1.316117455775083656e+00 1.248247907372620702e+00 1.561167690069800162e+00 1.900993753582014278e+00 1.630164510803619127e+00 1.228604938871165952e+00 -7.747090676230561357e-02 1.000000000000000000e+00
4.234488205769393332e-02 -9.044268096682461788e-03 1.564106524167470091e-01 1.564106524167470091e-01 5.268990964796644860e-01 2.545076899820299943e-01 4.406720411539772897e-01 3.284396210211122380e-01 2.638038762974916907e-01 -3.382329485517942214e+00 1.000000000000000000e+00
3.146926714934163982e-01 4.938655085443230952e-01 6.263820732444496109e-01 6.263820732444496109e-01 6.440129339671005759e-01 8.937839209287035125e-01 8.149681263929267061e-01 5.421701145256441201e-01 -3.675427331389746755e-02 -1.917818817462559000e+00 1.000000000000000000e+00
-1.588382502288920861e-02 -3.720375331904063110e+00 -5.842705737182729564e-02 -5.842705737182729564e-02 7.353426403868925654e-01 4.738611006114989976e-02 3.535630993308913617e-02 -3.342542469937903604e-02 7.519326945858448852e-01 2.047127928678628805e+00 1.000000000000000000e+00
-9.852586942181007501e-02 -2.124445426183418917e-01 8.607225178148514289e-02 8.607225178148514289e-02 -2.814807721128218532e-01 3.029659042919892187e-01 3.065209078997082059e-01 2.803004169263045853e-01 -1.318853911422532832e-01 -2.771400612642320738e-01 0.000000000000000000e+00
1.291678620398137856e-01 -4.043948754500670262e-02 2.677926814974518344e-01 2.677926814974518344e-01 7.820905273343345954e-01 5.809752050613310459e-01 -1.388273923060676651e-01 3.556877385750283338e-01 1.025191972270111940e+00 3.046811630345329647e+00 1.000000000000000000e+00
-7.567350620864976563e-02 -9.419087602982179064e-02 2.899275011843678307e-01 2.899275011843678307e-01 1.961992958887792682e-01 5.137174767926415697e-01 4.422230865563081537e-01 6.610514672726712782e-01 2.158189102976635354e-01 -7.446281710694409028e-01 1.000000000000000000e+00
1.345212432324931484e-01 4.003343677104402865e-01 -3.520221597914652278e-01 -3.520221597914652278e-01 -6.753870883881489817e-01 -6.886114092792974262e-01 -4.267837121716633320e-01 -7.482032517154015849e-01 -1.082488376063274416e+00 -1.439982964187919823e+00 0.000000000000000000e+00
-2.095763083718406250e+00 -2.462493076849957774e+00 -2.542367468769334060e+00 -2.542367468769334060e+00 -2.491741448619801069e+00 -2.442736755501062618e+00 -2.293302616166513097e+00 -2.492235055251536657e+00 -2.597863965389302976e+00 -3.144626022230814666e+00 1.000000000000000000e+00
2.626695407494494816e-02 1.937762752038700853e-01 -7.363430394240246812e-01 -7.363430394240246812e-01 -9.295076887745459260e-01 -1.223423706287676715e+00 -1.322983841285493511e+00 -1.282998519018506478e+00 -1.455162079438648171e+00 8.703088118252759742e-01 1.000000000000000000e+00
3.621589621411569482e-02 3.175298885248034608e-01 -4.108823304803950194e-01 -4.108823304803950194e-01 -7.180184544955876547e-01 -6.186832536424304863e-01 -1.007955061086616588e+00 -8.683464380767693669e-01 -1.302783610445897189e+00 1.909683695519496016e+00 1.000000000000000000e+00
-3.999125890825805385e-02 1.333889660926805831e-01 -2.519906859509131181e-01 -2.519906859509131181e-01 -1.969391590187088426e-01 -2.979049383331240364e-01 -5.624443108295480442e-01 -4.152641369949723327e-01 -6.143964760235771649e-01 -2.709406674072111887e+00 0.000000000000000000e+00
-7.105703479323066674e-02 -8.813685282794470055e-03 -5.710249496700727789e-01 -5.710249496700727789e-01 -5.976887112883355613e-01 -6.469618249316324565e-01 -5.649539811826862490e-01 -1.124947007724405701e+00 -1.043339122794617602e+00 3.960352785077461135e-01 1.000000000000000000e+00
-8.156419429390338038e-02 -4.024258630020343119e-01 -3.138595228105662827e-01 -3.138595228105662827e-01 1.101007937532205716e-01 -1.030800856173472724e-01 -1.524342282522335168e-01 -4.826504749996436416e-01 -2.188696755864261156e-01 -3.033621062097022758e-01 0.000000000000000000e+00
-6.476651640501138729e-01 -2.882518863951402111e-01 -9.084682103097776462e-01 -9.084682103097776462e-01 -1.083811258056299742e+00 -1.060025503620541265e+00 -9.738783818332814590e-01 -1.329534707179587549e+00 -1.551640241863462499e+00 -2.050092528324761521e+00 1.000000000000000000e+00
8.134104335661440643e-02 1.124616143892835929e-01 -5.092981455522016532e-02 -5.092981455522016532e-02 1.196885249425237774e+00 -3.677420796724604202e-01 -6.738629647395288913e-02 9.015554266593461819e-02 9.407011212364193575e-01 1.598565833492294086e+00 1.000000000000000000e+00
2.665297092144358615e-02 -7.033790620039281904e-02 8.598544174367539483e-02 8.598544174367539483e-02 1.205724850235228018e-01 -1.276930654905861218e-03 4.414669840421181490e-01 1.513749930520811304e-01 4.960244351691449616e-01 1.242856505647538690e+00 0.000000000000000000e+00
1.839765046597432452e-01 3.468656230662525708e-01 4.096739009683161292e-01 4.096739009683161292e-01 2.495044266322019588e-01 5.894562738225515020e-01 5.499972111318198742e-01 5.208941226148855463e-01 3.921854325677895936e-01 8.087035294356414994e-02 1.000000000000000000e+00
-1.136902716190046903e-03 1.043500705045063981e-02 -4.013678988024116379e-02 -4.013678988024116379e-02 1.999890281022782546e-01 -1.683675111916560496e-02 1.976015174606544633e-01 -2.002693319100679048e-02 3.743628023497356239e-01 -7.960687554301739688e-01 0.000000000000000000e+00
3.306915174135127700e-02 1.095340218198703752e-01 -4.236188151355380072e-01 -4.236188151355380072e-01 -5.356294437842805678e-01 -7.429494067445823191e-01 -8.067819318628108860e-01 -6.559291836224279137e-01 -5.731499921082310323e-01 -1.075958432073277127e+00 0.000000000000000000e+00
8.131669466362589915e-02 -9.563474662157034345e-02 5.146500663512605378e-01 5.146500663512605378e-01 7.690408615498935951e-01 7.955175576567126150e-01 8.486006400193328858e-01 9.231794769180159399e-01 9.794581934485138142e-01 4.072795818859571426e-01 0.000000000000000000e+00
6.022842285920138039e-02 1.896523195521826466e-02 1.886329084548790114e-01 1.886329084548790114e-01 5.581334626519782738e-01 2.890339293027004430e-01 4.757842490098624921e-01 3.661932114645640723e-01 3.057252934187708604e-01 -9.423137364048872477e-01 0.000000000000000000e+00
-2.605837013803284918e-01 -5.388784983221239777e-01 -3.830350018920052335e-01 -3.830350018920052335e-01 -4.497550905429505974e-01 -3.226160647380895696e-01 -3.152216934198559528e-01 -2.336557534543208803e-01 -2.278789764359574477e-01 1.303286282353201875e+00 1.000000000000000000e+00
-2.632317873643144068e-01 -4.284026659920057156e-01 -2.552094674518974315e-01 -2.552094674518974315e-01 -1.262054787079772922e+00 -4.270231019154797636e-01 -5.850447899460125001e-01 -6.127839334608342625e-02 3.267893600594457215e+00 9.026051349441113203e-01 1.000000000000000000e+00
1.442420242568827060e-01 5.603747600312267707e-01 3.050489518433852076e-01 3.050489518433852076e-01 -2.082028985107680086e-01 2.491457681131779012e-01 1.836780996993532256e-01 4.315893641622281507e-01 -3.231513972246307098e-01 -2.315523941858617096e+00 1.000000000000000000e+00
3.565573825755841142e-02 1.046734115404022170e-01 3.910728653622230766e-02 3.910728653622230766e-02 1.452483786221749895e-01 1.563419906664185177e-01 -1.955305988478412971e-01 -8.439207285917404988e-04 -4.281895346635700150e-01 -1.862340951135137868e+00 0.000000000000000000e+00
1.875317946684360582e-01 4.025308178058488728e-01 1.466958764812265059e-01 1.466958764812265059e-01 8.009660271913259244e-01 3.799269826479552137e-01 -1.930977887892240119e-01 5.499034939164904046e-02 6.673993856651687651e-01 -9.519471145608537910e-02 1.000000000000000000e+00
-5.975102144020345563e-01 -9.352553658617450694e-01 -1.298845886106150260e+00 -1.298845886106150260e+00 -1.362036732109205062e+00 -1.417885046842687125e+00 -1.133114511319415207e+00 -1.453042728438346032e+00 -1.293622666336719185e+00 3.597671262164303663e-01 1.000000000000000000e+00
1.383836713140915720e-01 1.989476971699968288e-01 9.363298597793212608e-02 9.363298597793212608e-02 4.000072726797743172e-01 4.778106131438253357e-02 -1.269134453032005894e-02 3.907735378452947828e-02 -4.639515547215911084e-02 2.455396948038842897e+00 1.000000000000000000e+00
2.522823398571918396e-01 5.780478384982368212e-01 1.015118668508092625e-01 1.015118668508092625e-01 1.084265607225818329e-01 5.434066113293667399e-02 1.995838136684735531e-02 -7.415587507014809177e-02 -2.359398302096904487e-01 -9.258561016337085725e-01 0.000000000000000000e+00
-6.291776443007845998e-02 -8.452892997377414730e-02 -2.758005110920338510e-01 -2.758005110920338510e-01 -2.262472077808039828e-01 -1.937431031277867532e-01 -7.800489964302492751e-02 -5.346868777133426676e-01 -2.137338666261503484e-01 -1.412200864351129237e+00 0.000000000000000000e+00
-2.391000915593943787e-01 -3.645239459475244637e-01 -5.151327304472763657e-02 -5.151327304472763657e-02 -3.682993505768195064e-01 1.259408276149693862e-01 1.433022310764719975e-02 2.750601177799971708e-01 2.173814669776072961e-01 -1.239162780069964498e-01 0.000000000000000000e+00
-6.848503823809570790e-02 4.525040205907679969e-01 2.657713532364911480e-01 2.657713532364911480e-01 -1.889859170827952184e-01 3.517468214751682254e-01 2.698568295443948273e-01 2.797541912834908828e-01 -5.193051374443964363e-01 1.968663254605728330e+00 0.000000000000000000e+00
1.090541546195389344e-02 3.508566920608804374e-01 -1.829166761006000286e-01 -1.829166761006000286e-01 -6.906456634799189587e-01 -4.625404619348287838e-01 -4.671179017488107377e-01 -3.403212217026307940e-01 -6.191063801477652007e-01 1.429116884954553246e+00 0.000000000000000000e+00
-1.840646474309970415e-02 1.796427953587214077e-01 -9.849367557358101877e-02 -9.849367557358101877e-02 1.526085687118108325e-01 -1.858380281801599310e-01 9.093225797221204942e-02 -1.810964804259560523e-01 2.291441131110052432e-01 -1.060858909329427391e-01 0.000000000000000000e+00
1.202544469383626247e-01 3.868297848679480566e-01 -1.814206916540008763e-01 -1.814206916540008763e-01 -2.435753456490425961e-01 -2.910363643089102226e-01 -1.935969363868270676e-01 -5.559300177364168150e-01 -7.213915060956104242e-01 -1.327240395702010023e+00 0.000000000000000000e+00
4.671498392061934624e-03 1.575040822333813040e-01 -4.155510270544038320e-01 -4.155510270544038320e-01 -1.154292939393419815e-01 -6.694914203674766640e-01 -5.469575343469275097e-01 -6.513107374106343883e-01 -2.997749161096132653e-01 -1.021654566598798386e+00 0.000000000000000000e+00
1.941860228048266190e+00 -1.654829586534219743e+00 -1.809089058504007141e+00 -1.809089058504007141e+00 -1.840524821027353042e+00 -1.827068627953626567e+00 -1.737783551297574114e+00 -1.769114007714885695e+00 -1.615729575963028353e+00 -1.181278449289786092e+00 1.000000000000000000e+00
-7.488027597853830208e-01 -2.843727216494302823e-01 -1.205319988485400451e+00 -1.205319988485400451e+00 -1.798786970291539333e+00 -1.541679872826480668e+00 -1.370935389342138322e+00 -1.829276994882146568e+00 -1.995910668428774848e+00 -6.952660164543020826e-01 1.000000000000000000e+00
3.180073024499789902e-01 7.136881614847814248e-01 5.929800795206214836e-01 5.929800795206214836e-01 5.305839527387639087e-01 6.556318245236383291e-01 7.979099124700663737e-01 6.196124339172492945e-01 4.701159819366491632e-01 2.363518795870600542e-03 0.000000000000000000e+00
-2.349366988207544082e-01 -4.864063023233846650e-01 -4.128004722343252553e-01 -4.128004722343252553e-01 -5.742301444968438418e-01 -4.872505061970118234e-01 -3.753083527011114029e-01 -4.858250010845601707e-01 -3.288801054490342324e-01 2.192852341793725124e-01 0.000000000000000000e+00
3.859490888923378105e-01 7.435261090414320151e-01 8.520512895573197909e-01 8.520512895573197909e-01 8.625089710081117467e-01 1.098944639986164429e+00 1.394809143112492489e+00 1.088430207974820263e+00 9.144614782139921516e-01 3.393719935803103382e-01 0.000000000000000000e+00
-2.403798347998455931e-01 -3.120853331403150577e-02 -2.163928806999368959e-01 -2.163928806999368959e-01 -7.661493114204471766e-01 -3.389688191687625363e-01 -5.273909858030512154e-01 -2.093416641476260054e-01 -5.259856693008204687e-01 1.124779685728734657e+00 0.000000000000000000e+00
1.315422116475868375e-01 3.633796272555200879e-01 -4.816241459821242188e-01 -4.816241459821242188e-01 -4.232586846139057002e-01 -7.928573074409017707e-01 -7.891561333484764518e-01 -9.607302604717773420e-01 -1.786823712226506267e+00 -1.614381321763149746e+00 1.000000000000000000e+00
5.878164530214196049e-01 9.130532911128503848e-01 1.978798209347522929e+00 1.978798209347522929e+00 2.007421194847466062e+00 2.705983326184415283e+00 2.871731747309655525e+00 2.786560220799935372e+00 2.336168898969985808e+00 3.086212129314427344e+00 0.000000000000000000e+00
2.071378503032657026e-01 -1.896333165462151804e-01 -5.802746213371472450e-01 -5.802746213371472450e-01 -7.661938254273854554e-01 -7.410156405132815038e-01 -7.250927645915181685e-01 -6.849376071227410989e-01 -8.068666516783631337e-01 9.840309871564012489e-01 1.000000000000000000e+00
-2.268433344314155775e-01 -1.644870704511847137e-02 -4.856828407208126919e-01 -4.856828407208126919e-01 -6.241557908800503540e-01 -6.524600310446135865e-01 -6.909812842374076780e-01 -8.108695413672135643e-01 3.686223801662436017e-01 1.802836718996505772e+00 1.000000000000000000e+00
1.165207284444154112e-01 3.572606463726888393e-01 -2.707140824722786832e-02 -2.707140824722786832e-02 -5.915162915281424461e-02 -6.895730953046985690e-02 -8.772132264854892725e-02 -6.773944992532410225e-01 -2.842476771323938500e-01 -1.087204956837875880e+00 1.000000000000000000e+00
1.378151437296826209e-01 2.934095423024944971e-01 6.573345240950212442e-02 6.573345240950212442e-02 -9.431614476849858875e-02 5.345477312682511695e-02 -3.400033939842410646e-01 -2.174478894372278148e-03 -3.772071901590363652e-01 6.285882257193025069e-01 0.000000000000000000e+00
7.036685129252751025e-02 -1.499728118665788479e-01 -1.259012626568801529e+00 -1.259012626568801529e+00 -3.369628812801257034e+00 -2.131361064216233281e+00 -2.339523351725071976e+00 -1.812515965589937217e+00 -2.548560274755064192e+00 4.590642797243682516e-01 1.000000000000000000e+00
6.027237716561018033e-02 3.462437704939409500e-01 -1.007670813715217939e-01 -1.007670813715217939e-01 -3.317746044504961134e-01 -1.271786735570552551e-01 -2.562518253567667159e-01 -4.795526904260993817e-01 -7.301115265557953649e-01 -1.078605219420623929e+00 0.000000000000000000e+00
2.091717904179550835e-01 2.412241642419119536e-01 1.162011759279941714e-01 1.162011759279941714e-01 6.473325548592701040e-02 1.171900458817152213e-01 4.956166870079110609e-01 -9.687474083846581152e-02 -2.742778863924577593e-02 -2.534667554312619586e-02 1.000000000000000000e+00
-8.284741656673055843e-02 -1.267684982478245459e-02 -5.727279440149315448e-01 -5.727279440149315448e-01 -8.800519196912803821e-01 -8.262136435320019956e-01 -8.863327070652555761e-01 -8.788242549511631196e-01 -7.604805373580951766e-01 9.199564315993891128e-01 1.000000000000000000e+00
-6.214614411108634329e-01 -5.207390903821922379e-01 -1.634088091671124232e-01 -1.634088091671124232e-01 -6.281470896564966822e-01 8.504246552113237101e-02 -1.035258902012436977e-02 2.296898352636400631e-01 -3.388358264415858301e-01 -5.963490306928362905e-01 1.000000000000000000e+00
-8.012163381395920325e-02 -5.638341234240895616e-02 2.790463883254634680e-01 2.790463883254634680e-01 1.719055585943518594e-01 4.564689807252166887e-01 4.285926828631225760e-02 6.656453417628585001e-01 4.783492300463767499e-01 2.469026472873623312e+00 1.000000000000000000e+00
6.608200574877765021e-02 2.158708746619022456e-01 3.551474115737445203e-01 3.551474115737445203e-01 3.244931599221967389e-02 3.154189919803798148e-01 2.867350607010799024e-01 6.193054298684241843e-01 2.468134548689886465e-01 2.455822300482957132e-02 1.000000000000000000e+00
1.073280488076031602e-01 3.321100718907565863e-01 -9.697938961914509548e-04 -9.697938961914509548e-04 4.134555232942522807e-01 1.736340094482891061e-02 5.384274164466873458e-02 -1.660673740716518409e-01 2.944706758726547413e-01 1.148912511563552785e+00 0.000000000000000000e+00
-8.035056246960881055e-03 3.434403174080471466e-01 -5.081933976124810570e-01 -5.081933976124810570e-01 -6.148127332569943704e-01 -7.131551179397970230e-01 -8.158255231500302074e-01 -1.072488790166914008e+00 -1.199557984298108337e+00 3.245301785050859422e+00 1.000000000000000000e+00
1.180559401235914407e-02 4.167356565243593991e-01 -6.730608487476974489e-02 -6.730608487476974489e-02 -9.692607677282429890e-01 -3.346822125810469117e-01 -2.785514294856014317e+00 -3.676858160338207782e-01 -1.192196691270046571e+00 -1.096113707221841427e+00 1.000000000000000000e+00
9.344105628672494390e-05 4.418125019563889921e-01 1.528947059769105721e-01 1.528947059769105721e-01 -3.141755800677792365e-02 -1.566334715365425012e-02 3.306093420067153232e-01 3.730139249629145226e-01 -2.829605718930356950e-01 -2.212283856736929621e-01 1.000000000000000000e+00
5.692086559734432782e-02 -1.014755433542111618e-01 -2.005740225328267456e-02 -2.005740225328267456e-02 7.559508327772284098e-01 -1.472954618566024720e-02 1.186433737410510503e-01 -2.959392873761679255e-03 1.357225899709836092e+00 1.410566458525841949e+00 1.000000000000000000e+00
3.784112185856347566e-02 4.064715330615924493e-01 -4.592454591563566169e-01 -4.592454591563566169e-01 -9.344943280692952214e-01 -7.519502663429342704e-01 -5.698865885765540540e-01 -1.035588722139568318e+00 -1.144114473101667251e+00 4.340483175209230993e-02 0.000000000000000000e+00
2.186556681173756900e-02 2.059349754938089028e-01 -2.663758052668878662e-01 -2.663758052668878662e-01 -2.245210735298730498e-01 -3.711060063851396862e-01 -1.515131486307970121e-01 -5.999607266916475723e-01 -6.709151732953406722e-01 2.352493061938917496e+00 1.000000000000000000e+00
-9.955983668409329468e-02 4.214398932584506596e-02 -2.600280979227180822e-01 -2.600280979227180822e-01 1.360910735835654251e-01 -3.138345305558809528e-01 2.005722694771501224e-01 -5.500429503748858195e-01 -7.273178614466280223e-02 7.594206998234125372e-01 0.000000000000000000e+00
2.062522914629827397e-01 6.857179749509842992e-01 6.256847058271985951e-01 6.256847058271985951e-01 -9.237593359082030275e-01 5.514881188016023117e-01 -3.284337856128033195e+00 7.276990686355833127e-01 -1.014847892256874218e+00 1.047712160064408149e+00 1.000000000000000000e+00
1.229859534605119986e-01 3.218158262786969814e-01 1.672499514925629427e-01 1.672499514925629427e-01 2.734540027956064989e-01 1.445886966558438402e-01 -1.161072202481001625e-01 2.254567417964139509e-01 -3.716538334471319871e-01 -8.898291263881970004e-01 1.000000000000000000e+00
7.086120000393358875e-01 -9.599342374552461976e-01 -5.125088098648671320e-01 -5.125088098648671320e-01 5.253941360205525157e-01 -1.619883369913557303e-01 -3.774237183877096058e-01 -7.031994688712561725e-02 2.947305615760553721e-02 -1.254509579928419161e+00 1.000000000000000000e+00
2.685674858257947051e-02 8.816553199035048749e-02 1.457058236955210972e-01 1.457058236955210972e-01 2.890942698712724024e-01 2.182827595760379324e-01 6.263799793828903617e-01 1.623180182365437929e-01 2.475967978091753174e-01 1.666114016843067702e-01 0.000000000000000000e+00
-2.575831708138838216e-01 -4.778379941796755404e-01 -5.732335217415442941e-01 -5.732335217415442941e-01 -2.462062159244826631e-01 -4.829766568706288510e-01 -3.525117498826757512e-01 -6.362035955371529994e-01 -5.090974613994223574e-01 -1.325169903486941525e+00 1.000000000000000000e+00
9.473693316800790853e-02 1.765364802408986300e-01 4.612144493206193907e-01 4.612144493206193907e-01 7.751039366229863781e-01 7.216064582870567179e-01 5.129813321906926404e-01 7.621994288851299260e-01 1.055363970626652659e+00 1.809245283276710303e-01 1.000000000000000000e+00
-1.151099218747564379e-02 1.153348877545576912e-01 -3.354514387246796403e-01 -3.354514387246796403e-01 -5.394666130787522107e-01 -5.276809607911205902e-01 -3.092145116877302868e-01 -5.207299686805253458e-01 -7.060677009689646511e-01 -2.089180561755377141e-01 0.000000000000000000e+00
1.620071656593902176e+00 1.877043838178162893e+00 4.200922084295970471e+00 4.200922084295970471e+00 5.977849894123949959e+00 5.327065242990171257e+00 5.672096830305398463e+00 5.855095609884859442e+00 6.723874719711615100e+00 5.501162735386970759e+00 1.000000000000000000e+00
1.230072335986123200e-01 -1.892426528035739963e-02 4.188803331241768291e-01 4.188803331241768291e-01 5.464944523695485223e-01 7.221527354317140990e-01 5.358834272873922444e-01 5.627853072582387206e-01 7.388250288717257419e-01 3.056991272309898644e+00 0.000000000000000000e+00
8.365972042394087538e-03 7.083460515088191300e-02 -1.451974626981966665e-01 -1.451974626981966665e-01 -6.919670027254802847e-01 -3.310959462872711256e-01 -4.790493374722188946e-01 -1.262849589308325804e-01 -9.635637729782935423e-01 -9.121414693231932880e-01 0.000000000000000000e+00
3.034334589646181524e-01 6.704523502500498999e-01 3.246503018016531072e-01 3.246503018016531072e-01 1.405408779426498000e-01 1.765921349013375163e-01 3.420469700620172304e-01 2.587898757432522956e-01 -3.787203379389851854e-01 1.168049279917130034e+00 1.000000000000000000e+00
9.105873697639932374e-02 2.808427151641677000e-01 1.198103537681067365e+00 1.198103537681067365e+00 -8.383673257954535885e-01 -1.411368278982869207e+00 -1.374222342295595922e+00 -1.879079028784518712e+00 -1.401075296375782209e+00 -1.764662301673416867e+00 1.000000000000000000e+00
3.402563072007283029e-01 2.119781525586263982e-01 1.205655286402279369e+00 1.205655286402279369e+00 2.432007396928252518e+00 1.808449373040956321e+00 1.649106438883581216e+00 1.799311342608465925e+00 2.695523610493665956e+00 2.057665902290291893e+00 0.000000000000000000e+00
3.372911802086564492e-02 -1.700157737286067672e-02 1.121548907137484008e-01 1.121548907137484008e-01 -2.533574542798788798e-02 1.503550766542876005e-01 1.563884841236600209e-01 2.644015755839568271e-01 2.472274552755870936e-01 1.808638145173951051e+00 0.000000000000000000e+00
1.136530819947330073e-01 3.434361371548857456e-01 8.064603968484185259e-03 8.064603968484185259e-03 4.057591744469921657e-01 2.066452871720780848e-02 5.473133970430232864e-02 -9.693331020321327429e-02 3.012071907813660410e-01 1.174576844800872877e+00 1.000000000000000000e+00
2.829488200369167927e-02 4.064039938034205157e-01 -4.212436567137967103e-02 -4.212436567137967103e-02 -6.878184833445484259e-01 -1.885614449911336976e-01 -4.924223674607857149e-01 -6.652572046963101116e-02 -7.158965285993676986e-01 -2.631213249887785377e+00 1.000000000000000000e+00
-2.148089641747868761e+00 -1.596528572742460739e+00 -1.477316201363014336e+00 -1.477316201363014336e+00 -1.532389712575535690e+00 -1.598178715865155475e+00 -1.164235091450843917e+00 -1.450442411413962240e+00 -1.151639666836896225e+00 -3.136108993200972250e-01 1.000000000000000000e+00
-7.567350620864976563e-02 -9.419087602982223473e-02 2.899275011843678307e-01 2.899275011843678307e-01 1.961992958887783800e-01 5.137174767926415697e-01 4.422230865563090418e-01 6.610514672726712782e-01 2.158189102976635354e-01 -7.446281710694413469e-01 0.000000000000000000e+00
-7.006258284640143330e-02 -1.865315311235407059e-01 1.345574881377364918e-01 1.345574881377364918e-01 -2.155716391255664277e-01 1.410239092462486354e-01 -1.285584249941056356e-01 5.010349120078028129e-01 4.845873802750429782e+00 2.164723490391304406e+00 1.000000000000000000e+00
2.067916310890716147e-02 1.052294412814385183e-01 -1.883551899350965897e-01 -1.883551899350965897e-01 -2.385442353651852088e-01 -4.033528132385582055e-01 -2.309640242902810670e-01 -3.021245770246956397e-01 -1.776333634631250824e-01 6.070544625668805594e-02 0.000000000000000000e+00
-2.343420096312281764e+00 -1.766620836938010974e+00 -1.597524527732273825e+00 -1.597524527732273825e+00 -1.670819954753272718e+00 -1.540766588809760584e+00 -1.466519959741329870e+00 -1.653292989940881696e+00 -1.432974589097366191e+00 -1.536165296539131031e+00 1.000000000000000000e+00
2.292237463020803112e-01 1.717175759050992845e-01 3.668085451318625623e-01 3.668085451318625623e-01 7.514613313688549567e-01 3.976874581177121115e-01 7.313722151773669466e-01 3.733492156479654156e-01 4.969087285174644819e-01 -8.939757102480294648e-01 1.000000000000000000e+00
1.679904414692623416e-01 4.606029993783713472e-01 2.239262982865271034e-01 2.239262982865271034e-01 4.515130004667611274e-02 2.743860908624462525e-01 4.346210639008507570e-02 1.813052777148103090e-01 -6.554281796031649066e-01 -5.678726360386932015e-02 1.000000000000000000e+00
-1.446037798854140632e-01 -1.642528227289847820e-01 -3.979741697408840650e-01 -3.979741697408840650e-01 5.879525396651619218e-02 -4.118271979175185393e-01 -1.934519405829284722e-01 -5.448339152915053774e-01 5.163725477704739220e-02 2.802804926818707187e-01 1.000000000000000000e+00
-8.324506746944035918e-01 -9.543378223369778368e-01 -8.572960960933517782e-02 -8.572960960933517782e-02 1.066279474084588230e-01 3.320649312794348162e-01 3.266595183631304522e-01 3.582279189344239612e-01 4.156484901597798931e-01 1.118777883251817151e+00 1.000000000000000000e+00
1.693836892343707490e-01 3.340202336332849242e-01 2.223118902323251156e-01 2.223118902323251156e-01 2.596800287014611186e-01 3.380798386549770385e-01 3.186840336004657104e-01 2.515604781210560859e-01 9.322074748542341638e-02 -5.782952336113034164e-02 0.000000000000000000e+00
-1.366300867235090699e-01 2.034346329336593762e-01 -3.340653041146293134e-01 -3.340653041146293134e-01 -8.968005429724588140e-01 -5.610754737881862297e-01 -7.929061804540040725e-01 -4.456883186584787993e-01 -8.727369627438879007e-01 -1.416086656813422273e-01 0.000000000000000000e+00
2.084806069415967578e-01 5.346300758042255019e-01 1.941735647794957664e-01 1.941735647794957664e-01 4.010100954831741227e-01 2.734855612931150759e-01 1.711826111260670302e-01 7.223233781061466630e-02 -2.016524739425662460e-01 -1.288544140919030578e+00 0.000000000000000000e+00
2.402061676333788753e-02 2.048290132263161922e-01 -3.477411503301031104e-01 -3.477411503301031104e-01 3.503531329348814616e-01 -5.158866994312827359e-01 -3.707210444644424285e-01 -5.524363134713015100e-01 -4.927509231116644628e-02 -8.221014718659502840e-01 0.000000000000000000e+00
-2.918876868133413183e-02 1.702804005072717786e-01 -6.445520207125463585e-01 -6.445520207125463585e-01 -7.805136455509957827e-01 -1.005382353522697336e+00 -9.785618965121614110e-01 -1.108667184341038947e+00 -9.211754853377644991e-01 6.513782969698556080e-01 0.000000000000000000e+00
7.870819184549571190e-02 1.800830334714094150e-01 -6.093039115037779396e-03 -6.093039115037779396e-03 2.840050397352258393e-01 -2.624606530670261506e-01 -3.099881921135834162e-01 1.705353238491085222e-01 2.935535038681860165e-01 9.275448038538831597e-01 1.000000000000000000e+00
1.796040405585113131e-01 3.977570409424040498e-01 3.165226969318006844e-01 3.165226969318006844e-01 6.370181122829352560e-01 4.297355352209599744e-01 8.337671176823642227e-01 1.857961911652070697e-01 5.125412641540898484e-01 -1.432992963043518753e+00 0.000000000000000000e+00
3.793511653418413232e-02 4.214607115140736049e-01 -2.476832865624700730e-02 -2.476832865624700730e-02 -6.709993677900918385e-01 -1.699745072995222372e-01 -4.735254748684463166e-01 -4.620992164776538402e-02 -6.933741740847487733e-01 -2.639262930232435522e-01 0.000000000000000000e+00
2.178173666509646278e-01 4.034056968528791920e-01 7.524401856272802114e-01 7.524401856272802114e-01 9.220000067546267886e-01 1.201122262252784623e+00 1.038335991162918859e+00 1.125103032897998734e+00 1.032652931700368537e+00 -6.206275077761422843e-01 0.000000000000000000e+00
-5.783253596117710060e-02 1.240252488619324467e-01 -6.137604816739834490e-01 -6.137604816739834490e-01 -4.384742867803641531e-01 -8.073616081372980702e-01 -6.971445318246889400e-01 -1.118722818211385750e+00 -9.548413405210256499e-01 -1.962314209939083565e+00 0.000000000000000000e+00
8.985761559577953861e-02 5.877306065010445835e-02 8.141451920381297391e-01 8.141451920381297391e-01 9.039550915534984021e-01 1.107074793303072902e+00 9.909262183678340108e-01 1.326833676614115110e+00 1.748758704146641918e+00 3.367251503653000633e+00 0.000000000000000000e+00
1.499815491406792933e-01 3.737792663763710443e-01 6.847027456756915598e-02 6.847027456756915598e-02 -1.489980804758195276e-01 -1.416176407600504561e-01 1.788059562564834337e-01 -2.742708551463390876e-02 -3.800428498084942319e-01 3.208851006904525072e-01 0.000000000000000000e+00
-1.468095229423789227e-01 -1.519801906838411654e-01 -3.178184942522186418e-01 -3.178184942522186418e-01 -8.112854020485560369e-02 -2.470700432272003866e-01 -1.458075853594618110e-01 -4.200179866818478658e-01 2.774803551889082343e-03 3.060236031796708112e-01 0.000000000000000000e+00
-8.522785771599838966e-02 4.673684919387794956e-01 4.230148148990999779e-01 4.230148148990999779e-01 -4.825214214160178372e-01 4.914713816528371026e-01 1.112938344761339238e+00 4.719809317227370293e-01 -8.559061493236299611e-01 1.961703882194450355e+00 1.000000000000000000e+00
-3.194183473729950151e-02 -1.937054161455580292e-01 -2.504655673197175858e-01 -2.504655673197175858e-01 1.395136013143272180e-01 -6.390535796715450800e-01 -1.969512127336061624e-01 -2.210797995567537200e-01 1.934710836191229077e-01 1.535534070445513377e+00 1.000000000000000000e+00
-1.701305457754953565e-01 2.502623505461780695e-01 5.124997945266995814e-02 5.124997945266995814e-02 -1.668709971476523002e+00 -3.138280785179870414e+00 -5.755580263994515278e-01 8.629827924964406094e-02 -1.109515200492462661e+00 -4.360425657634658947e-02 1.000000000000000000e+00
3.334360681640502477e-02 1.743066599261533511e-01 1.335860937010009408e-01 1.335860937010009408e-01 -5.232674628212246049e-01 9.061766984512953371e-02 1.329923471867031637e-01 1.663340760438245525e-01 -4.883212161345884539e-01 7.160435513542484642e-02 0.000000000000000000e+00
-1.677483594747641860e-02 1.724203734991345272e-01 -4.607653726569775898e-01 -4.607653726569775898e-01 -2.665034578332479143e-01 -6.052251133418220519e-01 -4.866738490482944712e-01 -8.891819802896714364e-01 -6.448747941597501310e-01 -5.259522430566074824e-01 1.000000000000000000e+00
2.452820055474349559e-01 6.710835034437843127e-01 3.465877228101423846e-01 3.465877228101423846e-01 -3.237455005391289831e-01 3.061787424926762924e-01 2.435899505931971021e-02 3.665135034121149715e-01 -2.955120529664592155e-01 1.080220921840243431e+00 0.000000000000000000e+00
2.773957764040870799e-01 7.727869336187653815e-01 6.122603940269013556e-01 6.122603940269013556e-01 7.043537720344161812e-03 7.171753784349155225e-01 1.435207505869307454e+00 4.997212226085552267e-01 -3.302887969504251231e-01 -3.653547067839091333e-01 1.000000000000000000e+00
-1.006670346247284797e-01 1.123492001775576732e-01 -4.762110082722852411e-01 -4.762110082722852411e-01 -7.101661151142621975e-01 -7.251964236355981086e-01 -2.855983070844390070e-01 -7.505321667965780819e-01 -8.105262686187879595e-01 -1.522524287873576743e+00 0.000000000000000000e+00
-2.442683417355828723e-02 -2.408074626871536950e-01 3.043329604079110240e-01 3.043329604079110240e-01 -1.082176882509378046e-01 3.605958145739940335e-01 4.813286107859315877e-01 6.847640733775266497e-01 7.992512806332419117e-01 3.062421120804101005e+00 0.000000000000000000e+00
-1.515677251129705638e-01 2.839729338489860311e-02 -2.018079368172260857e-01 -2.018079368172260857e-01 -4.405091696126044454e-01 -3.337725573309429095e-01 -4.446179849340623491e-01 -2.605674580938659446e-01 -7.639557986973031234e-01 -1.567169642160193277e-01 0.000000000000000000e+00
4.882367745358617839e-02 -6.763550447761179640e-02 -2.103708840795812662e-01 -2.103708840795812662e-01 1.145958689810315789e-01 -2.925448471270053474e-01 -8.099067879800436742e-02 -9.886265916099539197e-01 3.439400877054188399e-02 -8.789949955374622981e-01 1.000000000000000000e+00
-2.228431825031456093e-01 -4.998328067550006359e-01 -4.541144690673002415e-01 -4.541144690673002415e-01 -6.852621421736877494e-01 -4.163067179834785136e-01 -5.637044345145634239e-01 -6.060110743043871651e-01 -6.483903888851623165e-01 -5.191783597713022225e-01 0.000000000000000000e+00
1.577436127313009973e-01 5.629265805331531425e-01 3.195818920062238888e-01 3.195818920062238888e-01 -6.764242775417095288e-03 1.679548086019959641e-01 3.948633845937932207e-01 4.074908399214347554e-01 -3.317138333884206425e-01 -4.437508667639469273e-01 0.000000000000000000e+00
2.649178748154314977e-01 5.604986064207739815e-01 3.329430909117636617e-03 3.329430909117636617e-03 4.228617918544643750e-01 -2.183658486098130069e-01 -4.449865518886841897e-01 -1.666127039200828719e-01 -1.786429587303013378e-01 2.261535641056764412e-01 1.000000000000000000e+00
5.562063429439412232e-02 3.389682485455325356e-01 -1.091552464047174098e-01 -1.091552464047174098e-01 -3.399069549021636050e-01 -1.361684514202599061e-01 -2.653942386042356105e-01 -4.893860114025203600e-01 -7.410320153048202130e-01 -2.352660324120182000e+00 1.000000000000000000e+00
1.616548419194543396e-01 4.542436162023606450e-01 1.976221798689405951e-01 1.976221798689405951e-01 4.093573601519611138e-01 3.316679454056910004e-01 5.473950398458775624e-01 9.992395695679334722e-05 5.066429004277064330e-01 -1.404034264898837758e+00 1.000000000000000000e+00
2.193880080197969651e-01 2.291833639060705252e-01 3.470150236224762708e-01 3.470150236224762708e-01 7.322934014177189255e-01 3.759226844146965618e-01 7.097956109034671002e-01 3.535279081223432485e-01 4.742525507474186774e-01 -9.842773606085066795e-01 0.000000000000000000e+00
-2.264897236127083602e-01 -3.781818992642573818e-01 -4.027932568426848547e-01 -4.027932568426848547e-01 -1.192162796945801517e-01 -3.223157816503015027e-01 -3.147921800345105936e-01 -5.470910247389673131e-01 -1.405055997521977851e-01 -3.168092432463298636e-02 1.000000000000000000e+00
-2.398281394593304583e-03 2.475314967840671621e-01 -1.711690179436731185e-01 -1.711690179436731185e-01 -1.904562501980224809e-01 -1.951219036936819862e-01 -2.599715868513934325e-01 -3.973974387457834823e-01 -2.566979758997045558e-01 1.138174141460459809e+00 0.000000000000000000e+00
9.164703405175611550e-02 3.087663471973698393e-01 1.099290600483859848e-02 1.099290600483859848e-02 -1.729535398170334304e-03 1.997943548072012021e-02 -1.455151546341060254e-02 -1.219061306808635337e-01 -4.589845967796923887e-01 -1.336080543475396620e+00 0.000000000000000000e+00
-2.146461703846319402e+00 -1.361384737565657588e+00 -1.227510856586686572e+00 -1.227510856586686572e+00 -1.791756026256893009e+00 -1.155894590916254572e+00 -1.331190439930409752e+00 -1.056029833330251577e+00 -1.603693156265161512e+00 -2.174992160600429880e+00 1.000000000000000000e+00
4.332662102756845712e-02 -4.338614851465028011e-03 3.054956367788816962e-01 3.054956367788816962e-01 3.721889292739266608e-02 4.708962019176645697e-01 5.778369351458341185e-01 1.003482265345350566e+00 4.415300525159708833e-01 1.159410815159665598e+00 1.000000000000000000e+00
3.050324891341311684e-01 4.765072353234582891e-01 5.926370554602535812e-01 5.926370554602540253e-01 6.626114735774595310e-01 8.633341546726871485e-01 7.985067773733103280e-01 6.092539758291573015e-01 8.799423281929730223e-03 -1.913941650760434765e+00 0.000000000000000000e+00
3.042866371049639529e-01 7.577189892735893828e-01 3.943475106312908096e-01 3.943475106312908096e-01 4.500939322135368847e-01 5.236624436613208644e-01 2.584234116308019580e-01 2.193270019246895686e-01 1.974227977591298533e-01 -3.475199736253413718e-01 0.000000000000000000e+00
-1.664113581005639553e-01 -1.568422150292998474e-01 9.615732566604120457e-01 9.615732566604120457e-01 -1.335691924954188536e+00 -1.727609992473692735e+00 -1.659360929905094650e+00 -1.854990091118946083e+00 -1.515309361935899268e+00 -1.100798628542292601e+00 1.000000000000000000e+00
9.138073552230041585e-02 2.821561309071451973e-02 4.548492651286712984e-01 4.548492651286712984e-01 4.353703351321085435e-01 7.107529495666460306e-01 7.390365428857821328e-01 7.246832966945295773e-01 4.196331226443965612e-01 -3.670327414755725215e-01 0.000000000000000000e+00
6.380328880269381386e-02 5.901308613558509109e-02 6.400812117128706902e-02 6.400812117128706902e-02 7.236715327351515015e-01 1.787973755926701713e-01 5.036587160706398336e-01 8.592616687034038137e-02 5.734594779095925077e-01 -1.144066275423043511e+00 1.000000000000000000e+00
3.539653821580834858e-02 1.552041078186765510e-01 1.557772444787630661e-02 1.557772444787630661e-02 -3.209452595726851598e-01 -1.514432179804252598e-01 6.159287453478512475e-02 -1.697284028158918545e-02 -4.178380507732608606e-01 3.304187627790788895e-02 1.000000000000000000e+00
1.083217066775294946e-01 4.390413401688317840e-01 2.860814090950114519e-01 2.860814090950114519e-01 3.495040517691139215e-01 5.414124572176381989e-01 3.443202978581219043e-01 3.559219083355547042e-01 -6.527106830737494647e-02 -5.105534549646244535e-01 0.000000000000000000e+00
7.172472504643545577e-02 1.616430667208206273e-01 2.466311668783300881e-01 2.466311668783300881e-01 7.024679898233312514e-01 3.085725550043401100e-01 1.214117989237442075e-01 5.133535401154722955e-01 8.132578702654633673e-01 1.694472875038845805e+00 0.000000000000000000e+00
4.073919708355600022e-02 1.928870287764525848e-01 -2.223958022001575330e-01 -2.223958022001575330e-01 -4.411684806616049670e-01 -3.899308034885056173e-01 -1.105934919763891244e-01 -3.788098928814944699e-01 -2.725692884086692303e-01 1.457949290395528674e+00 0.000000000000000000e+00
5.504301016940127411e-02 4.208544355499488354e-01 9.357895463197873909e-03 9.357895463197873909e-03 -6.290974837268219488e-01 -2.323797743261826199e-01 -1.134993059363074153e-01 -9.695620596780774036e-02 -6.698488815140448693e-01 1.390489741025997539e-01 0.000000000000000000e+00
-4.160781335755956434e-01 -3.173659138152391535e-01 2.027991141102432060e-01 2.027991141102432060e-01 -1.895807656615744463e-02 3.821003715270299139e-01 6.230095947530021050e-01 6.448237377960519545e-01 8.779406284016433304e-02 9.529201632031440994e-01 1.000000000000000000e+00
3.103658644144235979e-02 -2.506597452460557207e-02 3.043791859317743764e-01 3.043791859317743764e-01 4.282763909899234278e-02 4.816455651845510388e-01 5.826087601898155555e-01 6.298246503233104754e-01 3.675953508647209489e-01 1.066489126992836933e+00 0.000000000000000000e+00
2.597488492092911994e-01 5.793164325333068909e-01 1.252272898535076173e-01 1.252272898535076173e-01 2.096189787117532788e-01 6.046605101180535513e-02 -3.694757439981817271e-01 7.718641960345884456e-03 -2.378329200429476487e-01 2.636409431186206298e-01 0.000000000000000000e+00
-1.151037128751228877e-01 -4.209843920634766867e+00 -4.018129368037364202e-01 -4.018129368037364202e-01 1.567144339934145592e-02 -2.110475678863439342e-01 -2.650757121637035141e-01 -6.101006226844658542e-01 -3.801050907890624053e-01 -9.056162582551992024e-01 1.000000000000000000e+00
1.385896921781588631e-01 3.884418273836152125e-01 9.931750913139980597e-02 9.931750913139980597e-02 1.066905580844519363e-01 1.532949027664267660e-01 2.180873392233371177e-01 -8.378028284849481366e-02 7.976077258660829727e-02 -6.077928228388174148e-01 0.000000000000000000e+00
1.335763383389425574e-01 6.547339861384520177e-01 -1.408547732597948965e-01 -1.408547732597948965e-01 -5.741777925490900714e-01 -5.272518663450611598e-01 -3.492578984475711579e-01 -4.960022184788970279e-01 -1.577353048946064540e+00 2.167098739639839788e+00 1.000000000000000000e+00
7.821338233584418376e-02 4.009191181905213952e-02 5.858297184223610898e-01 5.858297184223610898e-01 1.855843715565841379e-01 8.288373712353331868e-01 1.411756718473061056e+00 8.954629833793772420e-01 1.209126985290365219e-01 -3.726007714828991624e-01 1.000000000000000000e+00
5.282365909903097290e-02 -6.637573941675256606e-02 7.603027089155034446e-02 7.603027089155034446e-02 5.098632698491023518e-01 5.250754755548481256e-02 5.895609317540806416e-02 2.237377045800403863e-01 3.415042337521958515e-01 1.681584049390818514e+00 0.000000000000000000e+00
3.460968581982415415e-02 -1.390222355951653554e-03 2.691457181782386243e-01 2.691457181782386243e-01 3.032192076254252022e-01 5.999804237672519136e-01 3.239340314240797269e-01 5.054109666135802037e-01 5.815307242507143926e-01 -5.604395597415550156e-01 0.000000000000000000e+00
-3.090583757705678281e-02 1.675922539125043187e-01 -6.476416614626838708e-01 -6.476416614626838708e-01 -7.835081604960967283e-01 -1.008690224617475373e+00 -9.819260097872763993e-01 -1.112283253117554160e+00 -9.251923200177465390e-01 -2.493284188734090634e-02 1.000000000000000000e+00
-7.298137965995454834e-02 -1.755068645103716740e-01 3.210140645865600106e-02 3.210140645865600106e-02 5.294871392247113562e-02 1.233481872232609078e-01 2.070934398397259457e-01 1.464228399708211725e-02 2.819305549039876624e-01 8.626530263810172627e-02 0.000000000000000000e+00
-8.408280547759661161e-02 -1.120725194172362826e-01 -2.164383054324048317e-01 -2.164383054324048317e-01 -3.949158649478059502e-01 -1.119818078450167675e-01 -4.698761029581692839e-01 -3.339864923355220228e-01 -4.582935399379310937e-01 -1.378525315567726839e+00 0.000000000000000000e+00
2.209032648495092843e-01 2.548638847948829778e-01 3.807809976402296570e-01 3.807809976402296570e-01 6.489748018058740797e-01 4.613466949168341102e-01 1.987551465315586796e-01 6.828556921363828636e-01 4.484909081026899891e-01 -2.551692350934819942e-01 0.000000000000000000e+00
-2.303313150666288500e-01 -3.130183713712422211e-01 2.582757462947826710e-01 2.582757462947826710e-01 -2.047911151297654442e-03 4.350870438502223436e-01 4.522950950868693809e-01 5.386963116591876322e-01 2.278144295660360363e-01 -3.396705778275990184e-01 1.000000000000000000e+00
2.109706670315056876e-01 3.865548144154202781e-01 2.255274435499385888e-01 2.255274435499385888e-01 4.262163670081347000e-01 2.615686549553499773e-01 6.615813750562473672e-01 2.177271720082529782e-02 -3.513135389634935990e-03 -5.182257595515684656e-01 1.000000000000000000e+00
1.777971930183448457e-01 4.646573649418046514e-01 -1.022236372643163804e-01 -1.022236372643163804e-01 -5.605962885429516263e-02 -3.186536386513640906e-01 -4.303784784973077038e-01 -3.146424602109938462e-01 -6.136050382411735171e-01 2.609983430762996548e-01 1.000000000000000000e+00
-2.412007595180618580e-01 -2.283174609595519655e-01 2.353226815638578273e-01 2.353226815638578273e-01 -2.379151892727993101e-02 4.097388851830698897e-01 4.274314199219251265e-01 5.159449345989597369e-01 2.019930662256754772e-01 -4.454568911087490868e-01 0.000000000000000000e+00
-7.761456727358639895e-02 1.581155357166372788e-01 -5.375046225772495134e-01 -5.375046225772495134e-01 -7.671570275927699356e-01 -8.474082630528974036e-01 -3.689046159185451756e-01 -1.441019743579791346e+00 -5.920663823513558910e-01 -1.242783712215729697e+00 1.000000000000000000e+00
2.032089745873966180e-02 -1.772809727594264473e-01 2.808714131404643766e-02 2.808714131404643766e-02 8.264511734314563540e-01 1.507392934070965751e-01 1.426779765884047535e-01 8.670888228102224815e-02 9.008432122714027379e-01 2.582100591741923523e+00 0.000000000000000000e+00
-2.199893034443429762e-01 -1.275684466518471893e-01 -2.431905383229828743e-01 -2.431905383229828743e-01 -1.787685335086885985e-01 -2.279901593532605020e-01 -1.311702146403597169e-01 -1.750185126263126278e-01 1.978519445979243230e-02 3.754557637551743099e-01 0.000000000000000000e+00
3.772881744386680225e-02 4.028477543967561303e-01 -2.772950750532290343e-01 -2.772950750532290343e-01 -5.397806082920020287e-01 -5.216319537013154317e-01 -4.425378301071267728e-01 -6.431509788969211883e-01 -6.757182414323050779e-01 -1.078611700619123592e+00 0.000000000000000000e+00
-3.834723010830920487e-02 -1.584552578873266171e-01 -3.736612545271089658e-02 -3.736612545271089658e-02 -2.178180775161040472e-01 -1.659265220608068248e-01 -6.416389292750857010e-02 8.610158835952397283e-02 9.430057671214164827e-02 1.604282522929932231e+00 0.000000000000000000e+00
8.541378196845483828e-02 4.622740510553802196e-02 7.798423740054656328e-01 7.798423740054656328e-01 9.480196481852325441e-01 1.077277882057469771e+00 9.085780449756155619e-01 1.273406834060939019e+00 1.584665512926507702e+00 3.321983327333352332e+00 1.000000000000000000e+00
-2.990122387617533128e-01 -8.142427617907870285e-01 8.389377313953261250e-02 8.389377313953261250e-02 4.411786629209761834e-01 3.979074630335333040e-01 6.647298028118413526e-01 6.848389198736555272e-01 1.223423685923624049e+00 3.679515308997176604e+00 1.000000000000000000e+00
2.636048043510068606e-01 5.987910633339410538e-01 1.326848224592529490e-01 1.326848224592529490e-01 8.756350273476076751e-02 7.763816243185317489e-02 3.104672919791440222e-02 -8.102766617326917498e-02 -2.700690276760671082e-01 -9.151547030321158793e-01 1.000000000000000000e+00
-3.451691112616352974e-01 -4.455921163510851990e-01 -9.701563450152654866e-01 -9.701563450152654866e-01 -1.811418067996246606e-01 -1.110732623255016982e+00 -9.631206914813574826e-01 -1.176674586912821674e+00 -6.433146669116238670e-01 -1.459632669108409164e+00 1.000000000000000000e+00
8.021334050329897991e-03 1.163071270587967554e-01 2.457042974896248566e-01 2.457042974896248566e-01 -2.900763056260640127e-01 3.387671034025396821e-01 8.946632997272931931e-01 2.736985907277951213e-01 -9.570062990805494607e-01 -1.883173413270518903e+00 1.000000000000000000e+00
1.811111506842999486e-01 4.313411734233190131e-01 3.417595538141804390e-01 3.417595538141804390e-01 5.047936125865226664e-01 5.638820736779921461e-01 6.706600930123842730e-01 3.222801529015537625e-01 3.067521061970426288e-01 -7.924673530429515722e-02 0.000000000000000000e+00
1.988317085886215363e-01 1.334089645136353752e-01 6.716498064377369737e-01 6.716498064377369737e-01 1.176948441779254395e+00 1.115705139404265633e+00 9.350865069052867184e-01 1.045151452775539003e+00 1.359749907866102170e+00 1.835995508072493232e+00 0.000000000000000000e+00
-3.461268574340303772e-02 -2.424100270077000907e-01 -2.850770608115782423e-02 -2.850770608115782423e-02 5.413504798230657222e-01 8.371701244675300302e-02 1.132020818108410154e-01 4.545266442406159513e-02 9.071244096931834200e-01 1.428060444112898342e+00 0.000000000000000000e+00
-1.631209426751532021e-01 -1.966670343576248925e-02 -4.960116889647636640e-01 -4.960116889647636640e-01 -3.414990927670364940e-01 -6.833015943954627858e-01 -7.282225786026952363e-02 -7.429883533157486397e-01 -3.680673212527953986e-01 -6.678496925232426662e-01 0.000000000000000000e+00
6.262290227252478303e-01 -6.633216358684981273e-01 -2.671652729044060592e-02 -2.671652729044060592e-02 7.907684427692664997e-01 6.557410610715352917e-01 5.324803344684578832e-01 4.595121012657559234e-01 6.596167397365380047e-01 -1.502938726235382827e+00 1.000000000000000000e+00
-6.563810950479047612e-01 -1.293166805240672623e+00 -1.001512415089234054e+00 -1.001512415089234054e+00 -1.011429639361827171e+00 -9.852368567813805100e-01 -8.022109834263426720e-01 -7.159024603663253217e-01 -9.906813334152948514e-01 -7.375569178927916525e-01 1.000000000000000000e+00
-2.095022786387549907e+00 -2.582349033520372039e+00 -2.849350053436916497e+00 -2.849350053436916497e+00 -2.961344266597812691e+00 -3.024877420899210634e+00 -2.697793048337429944e+00 -2.923153839084367434e+00 -3.234810902602465177e+00 -2.607766371980107412e+00 1.000000000000000000e+00
1.370774908573100248e-01 2.922549207479949729e-01 6.440427852439567502e-02 6.440427852439567502e-02 -9.560505106314920454e-02 5.203034734130351779e-02 -3.414519345528024274e-01 -3.731378009596220124e-03 -3.789365825695583112e-01 1.211341433432080450e-01 1.000000000000000000e+00
-2.675806474946258007e+00 -1.691007027850048416e+00 -1.844433342261996955e+00 -1.844433342261996955e+00 -1.830492661213095396e+00 -1.950777881023157967e+00 -1.527501918268955095e+00 -1.771082969316412736e+00 -1.764495209456963920e+00 -9.623089575670062956e-02 1.000000000000000000e+00
5.370008339325238467e-02 8.392184497149823841e-02 -4.438062401849478533e-01 -4.438062401849478533e-01 1.932304258289319066e-01 -6.435603983785025406e-01 -6.530321612034031276e-01 -1.408798607874228281e+00 4.483791145057152150e-01 -1.783519368535819716e-01 1.000000000000000000e+00
5.425589774563199796e-02 1.023515152730776201e-01 4.573165357571618017e-02 4.573165357571618017e-02 7.060402026462955227e-01 1.589924636942230407e-01 4.841323464750555416e-01 6.838287315336444294e-02 5.537180921918767318e-01 -1.220402014076908959e+00 0.000000000000000000e+00
1.290987801282896807e-01 4.705589392609255128e-01 -2.269943501091233884e-01 -2.269943501091233884e-01 -2.891964260584982682e-01 -3.955244451642352388e-01 -9.898983395175884326e-01 -4.550301487752985707e-01 -4.221589568041270724e-01 -2.004508556025417221e-01 1.000000000000000000e+00
-4.493359498146398678e-02 -2.209743613527286321e-01 3.525915925974998366e-01 3.525915925974998366e-01 7.835041143546206399e-01 5.224659019996424902e-01 7.168786316556685634e-01 8.187833804210420396e-01 8.935506698553012939e-01 1.692311685463456783e-01 0.000000000000000000e+00
7.191270014048933845e-02 1.079140495083490414e-01 -1.486650722916449396e-02 -1.486650722916449396e-02 2.314439407174120333e-01 5.069086252986387819e-02 1.801637266414148897e-01 -6.930780465954455849e-02 3.287510797584980438e-02 -7.505213878549890083e-01 0.000000000000000000e+00
8.906296107890865343e-02 -1.867292494437875483e-01 2.097340929515310037e-01 2.097340929515310037e-01 8.932512300186448151e-01 4.061454130126156414e-01 7.181369703062427945e-01 3.881735414283671304e-01 9.300337985366975424e-01 1.695191311075952001e-01 1.000000000000000000e+00
1.770842510933647862e-01 5.452502953724152057e-01 4.164400089120756654e-01 4.164400089120756654e-01 -7.695651218282151262e-02 4.685548082129535885e-01 -2.334386846983411701e+00 3.698016826452992234e-01 -7.840019516456724347e-01 -1.313609823496911577e+00 1.000000000000000000e+00
2.065272090488867729e-01 8.259026878077646572e-02 3.577294478042407633e-01 3.577294478042407633e-01 1.631534863457768658e+00 8.184932737685879367e-01 -5.227152639418752855e-01 6.318968140951506385e-01 1.896201729294095584e+00 1.805638399630667301e+00 1.000000000000000000e+00
-5.389191115796982956e-01 -2.884361520556661951e-01 -4.446454032367110898e-01 -4.446454032367110898e-01 -5.115594850890543555e-01 -3.666702088535886972e-01 -3.964115700832051559e-01 -4.559507992499440832e-01 -6.657841094277268112e-01 -7.195311958503589622e-01 1.000000000000000000e+00
5.033905533449489766e-02 -3.421124387326379690e-02 2.675055716133667438e-01 2.675055716133667438e-01 2.817413067389251680e-01 3.844970445450943686e-01 1.550146528169218385e-01 5.798934417224135274e-01 3.354475427320284808e-01 -1.046038936930753227e+00 0.000000000000000000e+00
-6.552135800014458056e-03 1.575601667358754732e-01 -4.134298674552683295e-02 -4.134298674552683295e-02 -8.885403578045352191e-01 -3.473152018194687329e-01 -4.294679637012075446e-01 9.861508088102599601e-02 3.232810686784609810e+00 7.002302549885017768e-01 1.000000000000000000e+00
-1.153450615618178965e-01 -1.905754694454242504e-01 1.093902624797622458e-01 1.093902624797622458e-01 -4.958843563748507322e-01 1.404174197359004950e-01 -2.591387407977985724e+00 1.954591262012108643e-01 -7.263842319047553175e-01 -1.585237404557812813e+00 1.000000000000000000e+00
-1.007963700937248852e-01 -1.040876251535691743e-01 4.287922638651258112e-01 4.287922638651258112e-01 2.535169736009836861e-01 6.777157634053434521e-01 2.430639562934535647e-01 8.648668106054691052e-01 5.905999704446944776e-01 2.488761741662860238e+00 0.000000000000000000e+00
-5.592282071689518297e-01 -6.026019160080777759e-01 5.773929320752868577e-02 5.773929320752868577e-02 1.573641344357383787e-01 4.473092931932889371e-01 6.022708903286071447e-01 5.352950270060361504e-01 3.110403620640287414e-01 -4.502116502796429387e-01 1.000000000000000000e+00
-2.488828210146616371e-01 -9.200609080889687874e-02 -4.719281582059986491e-01 -4.719281582059986491e-01 -9.404848160633649812e-01 -5.470115231126468913e-01 -5.360133272146176964e-01 -7.278529022583022368e-01 -9.364536231425280022e-01 -2.135839889442543882e+00 1.000000000000000000e+00
-2.285822227953140384e-01 -3.557131485210711652e-01 -2.649990853713708461e-01 -2.649990853713708461e-01 -3.510987917778214396e-01 -4.535557881888596654e-02 -2.313082487329438663e-01 -3.308306598850982994e-01 -2.215387922997171799e-01 1.424193215053959349e-02 0.000000000000000000e+00
4.622513679478634785e-02 -2.036434490562886168e-01 6.583336932079291159e-01 6.583336932079291159e-01 9.328404867270965184e-01 9.456331586839756831e-01 1.210094523228659291e+00 1.259389656130817770e+00 1.770492739638714452e+00 4.261313416505478457e+00 0.000000000000000000e+00
1.405328068042688283e-01 -1.378162807461249528e-01 -1.083209859575696932e+00 -1.083209859575696932e+00 -3.175532534005158780e+00 -1.837787103036228942e+00 -1.684049473194194846e+00 -1.722898701751858219e+00 -2.355630295667061169e+00 -1.292440300129733100e+00 1.000000000000000000e+00
1.452083786907827356e-01 1.177901767069862160e-01 2.666623958340808009e-01 2.666623958340808009e-01 7.771373581031992828e-01 3.603344791086726673e-01 4.645453080041974658e-01 2.711922457032258649e-01 6.656450308175969610e-01 2.960709118150544050e-01 0.000000000000000000e+00
4.473776651662664250e-02 2.182156061737128283e-02 -1.457874367088516365e-01 -1.457874367088516365e-01 -1.300739024348462891e-02 -1.848962686020252377e-01 1.019318374443676234e-01 -3.593418088222817275e-01 -1.636160351333777463e-01 -5.857278312064386760e-01 0.000000000000000000e+00
1.854934389631809566e+00 -1.099111142579833000e+00 -1.263493042977382075e+00 -1.263493042977382075e+00 -1.191105926066915899e+00 -1.168582013701169764e+00 -1.379448611532280822e+00 -1.424584037184942531e+00 -1.594225937027096585e+00 -9.888390448876012151e-01 1.000000000000000000e+00
2.204284502468054630e-01 5.213607825044395128e-01 2.472135096507495078e-01 2.472135096507495078e-01 2.786766975523571332e-01 2.160299232202884667e-01 6.410210291255147297e-02 2.266266696079908272e-01 -1.304823161818666755e-01 -1.023604437812842161e+00 0.000000000000000000e+00
7.637120320034185283e-02 -2.533198249116486167e-01 1.788777637446057334e-01 1.788777637446057334e-01 8.612766127388540305e-01 3.695370936615907098e-01 6.810441422916087006e-01 3.512435579262227492e-01 8.842326820132933030e-01 -2.497690449171052762e-02 0.000000000000000000e+00
1.581275368714836205e-01 6.669713668926036121e-02 5.666692484676900676e-01 5.666692484676900676e-01 9.567091650835273242e-01 6.896407877749943793e-01 1.008001941044848415e+00 1.429980541481055134e+00 1.197391935535141894e+00 2.233747581223204381e+00 1.000000000000000000e+00
2.093690317122292033e-01 2.418387535637696040e-01 1.247298893184640711e-01 1.247298893184640711e-01 6.103407111657155326e-02 1.269501709381009036e-01 5.009267323286357154e-01 -7.881500826728427000e-02 -5.412578019635150284e-02 -4.014565730675112576e-02 0.000000000000000000e+00
2.776333414106213482e-01 4.983378178025184013e-01 6.570018716538217340e-01 6.570018716538217340e-01 6.794660146053437266e-01 8.456170394699218384e-01 8.159080254664594634e-01 8.583079953030980924e-01 2.102150362509278558e-01 -3.957200397786801993e-01 1.000000000000000000e+00
-1.994336984605191709e-01 -2.823629742587305813e-01 -2.698252622891299524e-01 -2.698252622891299524e-01 -3.391848284391452140e-01 -4.496775989160370912e-01 -4.903864012893324187e-01 -1.829998833117594259e-01 1.883795332109943210e-01 5.029878292108471705e-01 0.000000000000000000e+00
2.178609449855692937e-01 2.394323095521073697e-01 7.959261861363122748e-01 7.959261861363122748e-01 6.684683693435844454e-01 1.008770794880758270e+00 1.258316323350271659e+00 1.272225206016193155e+00 7.613166965352884397e-01 1.540023445445972250e+00 0.000000000000000000e+00
5.284519655407260430e-02 2.090512264908936935e-01 4.768181990736364284e-02 4.768181990736364284e-02 -1.495001542421032781e-01 7.935440103824653590e-02 -2.613544464141757118e-01 4.091526261201661185e-02 -4.711992385316898790e-02 -8.166643344873296684e-01 0.000000000000000000e+00
1.440834004649604871e-01 4.340708339026022600e-02 5.665944912224771812e-01 5.665944912224771812e-01 9.594335388687302846e-01 7.045457168290338856e-01 1.013054518958450778e+00 9.915072771193123025e-01 1.107369150713295447e+00 2.124323222661937738e+00 0.000000000000000000e+00
8.166128297768260325e-02 3.487131433914751888e-01 3.796831884505946775e-01 3.796831884505946775e-01 -1.209973837889295467e-01 3.388447799207625621e-01 5.733214577429572856e-01 6.322900999914637943e-01 -1.978078550822370829e-02 5.967884125946270046e-01 0.000000000000000000e+00
1.032338965125951802e-01 -1.793799279624685994e-02 6.793702981396272378e-01 6.793702981396272378e-01 8.750567548521672734e-01 1.103459178449110567e+00 1.267880303510407813e+00 1.194540284702338528e+00 1.018643358094140972e+00 1.654605941243953993e-01 0.000000000000000000e+00
5.939049496176298515e-01 8.942658987604890086e-01 1.917923038227280497e+00 1.917923038227280497e+00 2.174182015772300858e+00 2.664996768350235357e+00 2.914730802387432096e+00 2.638714306103845164e+00 2.989726783511220898e+00 2.936368706776262716e+00 1.000000000000000000e+00
1.368445778940052815e-01 5.466091736569165249e-01 2.953984552532111785e-01 2.953984552532111785e-01 -1.966276916127762675e-01 2.471635940093168671e-01 1.843053752444454574e-01 3.355577736592190163e-01 -3.338969438295600334e-01 -2.348347459398225201e+00 0.000000000000000000e+00
2.120887406941267539e-01 4.605255250735207362e-01 5.336119126923173361e-01 5.336119126923173361e-01 1.071617388881303867e+00 9.371929646766599120e-01 9.830451890394735770e-01 5.976752768803232918e-01 1.055745423802987748e+00 1.578770394822855083e+00 1.000000000000000000e+00
1.127860671947717996e-01 2.221430692579797750e-01 -1.760491908387846749e-01 -1.760491908387846749e-01 -1.452864397448774270e-01 -9.460501037735191687e-02 -1.320476580520129062e-01 -5.025553338598482966e-01 -4.908321481757838001e-01 -1.398088781126527014e+00 0.000000000000000000e+00
4.304268082206963442e-03 1.414036817618624653e-02 -2.369999208039823557e-01 -2.369999208039823557e-01 2.966614431251035633e-01 -2.470560087323949716e-01 7.447319743004232606e-02 -4.537984077806704875e-01 1.023849907398895365e+00 -3.191861085914715623e-01 1.000000000000000000e+00
-8.526485972592068308e-02 -2.029325017551881771e-01 -1.129590006625571519e-01 -1.129590006625571519e-01 -2.400827995735532738e-02 -5.577549943023552004e-02 -7.111356733118068263e-02 -9.937715974170124866e-02 -1.558790215006511382e-01 -1.562156836982605324e+00 0.000000000000000000e+00
-2.343678961612820189e+00 -2.924452249335152132e+00 -2.856581834530893538e+00 -2.856581834530893538e+00 -2.881124737875283337e+00 -2.802834091898143143e+00 -2.845220819261427891e+00 -2.664772021258076329e+00 -2.705950436123930380e+00 -3.691517986448475508e+00 1.000000000000000000e+00
1.811442916315513241e-01 3.600282863397059607e-01 4.475576197794408628e-01 4.475576197794408628e-01 1.431171689821351123e-01 6.146276473383958106e-01 5.217348424837782161e-01 6.127380233671271270e-01 -3.990561557339056264e-02 1.924746830855723623e-01 0.000000000000000000e+00
1.774691267916894688e-02 -1.020265976654237683e-01 1.288149795673261266e-01 1.288149795673261266e-01 -4.438095058568958251e-02 9.349761954677493492e-02 2.704920080478041555e-01 4.069385963110327964e-01 7.668055368970172481e-02 4.195018985008740486e-01 0.000000000000000000e+00
1.434474891387154116e-01 3.570200501329447995e-01 1.275271722694037990e-02 1.275271722694037990e-02 3.396150980907775008e-01 9.460531590850163042e-02 2.780197649741449339e-01 -2.905840693633674476e-01 1.033942812360091779e+00 -8.634300831346930494e-01 1.000000000000000000e+00
2.677304989553299652e-01 4.976512391934129198e-01 6.481586695794003816e-01 6.481586695794003816e-01 6.747936036081925160e-01 8.411180583384836318e-01 8.131420741912638306e-01 8.607924364687118413e-01 2.204162616015010734e-01 -3.236190707599924110e-01 0.000000000000000000e+00
